2 3
2 4
2 5
2 4
3 4
4 4
5 4
5 3
5 2
6 2
6 1
6 0
7 0
8 0
8 1
8 2
8 3
8 4
8 5
8 6
7 6
6 6
5 6
5 7
5 8
6 8
6 9
6 10
7 10
7 11
7 12
7 13
7 14
8 14
8 15
8 16
8 17
8 18
9 18
10 18
10 19
10 18
11 18
12 18
12 19
12 20
12 21
12 22
12 23
12 24
11 24
10 24
10 25
10 26
9 26
8 26
7 26
6 26
6 27
6 28
6 29
6 30
6 31
6 32
7 32
7 33
7 34
8 34
8 35
8 36
9 36
10 36
11 36
12 36
12 37
12 38
13 38
13 39
13 40
12 40
12 41
12 42
12 43
12 44
12 45
12 46
13 46
13 47
13 48
12 48
11 48
11 49
11 50
10 50
9 50
8 50
8 51
8 52
8 53
7 53
6 53
6 52
5 52
