12 18
12 19
12 20
12 21
12 22
12 23
12 24
13 24
14 24
15 24
16 24
16 25
16 26
16 27
16 28
16 29
16 30
16 31
16 32
16 33
16 34
16 35
16 36
16 37
16 38
15 38
14 38
14 39
14 40
13 40
12 40
12 41
12 42
13 42
14 42
15 42
16 42
17 42
18 42
18 41
18 40
19 40
20 40
21 40
21 39
22 39
22 38
22 37
22 36
23 36
23 35
23 34
24 34
25 34
25 33
25 32
26 32
27 32
27 33
28 33
29 33
30 33
30 32
30 31
30 30
29 30
28 30
27 30
26 30
25 30
24 30
23 30
22 30
21 30
21 29
20 29
19 29
18 29
17 29
16 29
16 28
16 27
15 27
15 26
14 26
13 26
