1 (12,18) (54,37) 532.603 65 7692 Success
2 (12,18) (36,50) 513.651 42 7970 Success
3 (12,18) (53,30) 253.323 37 4191 Success
4 (12,18) (31,50) 540.555 37 9004 Success
5 (12,18) (36,32) 80.7551 20 1532 Success
6 (12,18) (32,42) 468.774 37 8546 Success
7 (12,18) (57,40) 666.247 41 8780 Success
8 (12,18) (48,51) 2425.51 86 30298 Success
9 (12,18) (45,46) 2841.4 95 37960 Success
10 (12,18) (59,59) 2599.08 68 31689 Success
11 (6,16) (54,37) 918.543 41 11827 Success
12 (6,16) (36,50) 846.735 45 11941 Success
13 (6,16) (53,30) 436.86 39 6673 Success
14 (6,16) (31,50) 956.442 42 13854 Success
15 (6,16) (36,32) 162.592 34 2761 Success
16 (6,16) (32,42) 872.694 62 13642 Success
17 (6,16) (57,40) 1185.85 47 14424 Success
18 (6,16) (48,51) 3921.54 65 44106 Success
19 (6,16) (45,46) 4543.88 71 53486 Success
20 (6,16) (59,59) 3809.84 72 42569 Success
21 (1,16) (54,37) 992.453 43 12501 Success
22 (1,16) (36,50) 1079.14 47 14868 Success
23 (1,16) (53,30) 370.01 40 5225 Success
24 (1,16) (31,50) 1305.51 68 17813 Success
25 (1,16) (36,32) 181.544 34 2921 Success
26 (1,16) (32,42) 1078.13 65 16187 Success
27 (1,16) (57,40) 1263.62 48 14476 Success
28 (1,16) (48,51) 4505.45 63 47693 Success
29 (1,16) (45,46) 5516.76 72 61358 Success
30 (1,16) (59,59) 4720.36 73 49826 Success
31 (2,3) (54,37) 3556.84 61 33475 Success
32 (2,3) (36,50) 3977.04 110 41009 Fail
33 (2,3) (53,30) 2148.7 70 22699 Success
34 (2,3) (31,50) 4330.19 103 45901 Fail
35 (2,3) (36,32) 844.562 50 11180 Success
36 (2,3) (32,42) 3688.29 110 41706 Fail
37 (2,3) (57,40) 4541.88 67 40352 Success
38 (2,3) (48,51) 11910.5 66 96000 Success
39 (2,3) (45,46) 14914.8 72 121410 Success
40 (2,3) (59,59) 11770.3 104 96530 Fail
41 (6,10) (54,37) 1347.49 43 15574 Success
42 (6,10) (36,50) 1154.94 64 15310 Success
43 (6,10) (53,30) 626.354 41 8260 Success
44 (6,10) (31,50) 1383.33 68 17963 Success
45 (6,10) (36,32) 245.343 34 3681 Success
46 (6,10) (32,42) 1223.73 53 17500 Success
47 (6,10) (57,40) 1660.09 48 17775 Success
48 (6,10) (48,51) 5156.8 63 51093 Success
49 (6,10) (45,46) 6128.64 72 66123 Success
50 (6,10) (59,59) 5004.62 73 51813 Success
51 (2,4) (54,37) 3539.53 61 33353 Success
52 (2,4) (36,50) 3988.36 109 40157 Fail
53 (2,4) (53,30) 2164.2 87 22981 Success
54 (2,4) (31,50) 4157.13 102 44546 Fail
55 (2,4) (36,32) 812.828 50 10750 Success
56 (2,4) (32,42) 3745.18 109 41084 Fail
57 (2,4) (57,40) 4530.15 57 39715 Success
58 (2,4) (48,51) 11943.8 65 94844 Success
59 (2,4) (45,46) 14435.3 71 119552 Success
60 (2,4) (59,59) 11527.8 101 94559 Fail
61 (12,9) (54,37) 1083.23 40 12843 Success
62 (12,9) (36,50) 764.409 44 10806 Success
63 (12,9) (53,30) 643.307 77 9080 Success
64 (12,9) (31,50) 856.467 42 12094 Success
65 (12,9) (36,32) 178.513 24 2808 Success
66 (12,9) (32,42) 861.786 41 13127 Success
67 (12,9) (57,40) 1370.6 67 14980 Success
68 (12,9) (48,51) 4049.39 65 43293 Success
69 (12,9) (45,46) 4599.66 91 52721 Success
70 (12,9) (59,59) 3793.76 72 41494 Success
71 (15,12) (54,37) 867.029 65 11062 Success
72 (15,12) (36,50) 648.975 42 9555 Success
73 (15,12) (53,30) 501.692 70 7208 Success
74 (15,12) (31,50) 697.393 40 10347 Success
75 (15,12) (36,32) 144.185 22 2387 Success
76 (15,12) (32,42) 678.217 39 11016 Success
77 (15,12) (57,40) 1113.34 67 12765 Success
78 (15,12) (48,51) 3264.04 63 36826 Success
79 (15,12) (45,46) 3871.54 95 46670 Success
80 (15,12) (59,59) 3225 70 36648 Success
81 (11,0) (54,37) 1820.45 43 19520 Success
82 (11,0) (36,50) 1276.9 67 15794 Success
83 (11,0) (53,30) 989.76 70 11663 Success
84 (11,0) (31,50) 1469.09 55 18065 Success
85 (11,0) (36,32) 329.12 37 4657 Success
86 (11,0) (32,42) 1460.4 54 19489 Success
87 (11,0) (57,40) 2186.31 48 21568 Success
88 (11,0) (48,51) 6096.13 83 57069 Success
89 (11,0) (45,46) 7356.31 74 74498 Success
90 (11,0) (59,59) 5617.85 74 56575 Success
91 (0,0) (54,37) 2454.46 49 25825 Success
92 (0,0) (36,50) 2421.03 67 30454 Success
93 (0,0) (53,30) 1290.61 44 14835 Success
94 (0,0) (31,50) 2853.24 70 35442 Success
95 (0,0) (36,32) 522.194 48 7158 Success
96 (0,0) (32,42) 2503.28 66 32844 Success
97 (0,0) (57,40) 2951.25 52 29208 Success
98 (0,0) (48,51) 8322.28 64 76887 Success
99 (0,0) (45,46) 10170.9 71 99058 Success
100 (0,0) (59,59) 7851.93 99 77074 Success
