36 50
35 50
34 50
33 50
32 50
31 50
30 50
30 51
29 51
28 51
28 50
27 50
26 50
26 49
26 48
25 48
24 48
24 47
24 46
24 47
24 48
24 49
24 50
23 50
22 50
22 49
22 48
22 47
21 47
20 47
20 46
21 46
22 46
22 45
22 44
21 44
20 44
19 44
18 44
18 43
17 43
16 43
16 42
15 42
14 42
13 42
12 42
11 42
10 42
9 42
8 42
7 42
6 42
6 43
6 44
7 44
8 44
9 44
10 44
11 44
12 44
12 43
13 43
12 43
13 43
13 42
12 42
12 41
11 41
11 40
10 40
9 40
8 40
7 40
6 40
5 40
4 40
4 39
4 38
3 38
2 38
2 39
2 40
1 40
0 40
0 39
0 38
0 37
0 36
0 35
0 34
0 33
0 32
0 31
0 30
0 29
0 28
0 27
0 26
0 25
