5 16
6 16
6 17
6 18
7 18
8 18
9 18
10 18
10 19
10 18
10 19
10 18
10 19
10 18
10 19
10 18
10 19
10 18
10 19
10 18
10 19
10 18
10 19
10 18
10 19
10 18
10 19
10 18
10 19
10 18
10 19
10 18
10 19
10 18
10 19
10 18
10 19
10 18
10 19
10 18
10 19
10 18
10 19
10 18
10 19
10 18
10 19
10 18
10 19
10 18
10 19
10 18
10 19
10 18
10 19
10 18
10 19
10 18
10 19
10 18
10 19
10 18
10 19
10 18
10 19
10 18
10 19
10 18
10 19
10 18
10 19
10 18
10 19
10 18
10 19
10 18
10 19
10 18
10 19
10 18
10 19
10 18
10 19
10 18
10 19
10 18
10 19
10 20
9 20
8 20
8 21
8 22
8 21
8 22
8 21
8 22
8 21
8 22
8 21
8 22
8 21
8 22
8 21
8 22
8 21
8 22
8 21
8 22
8 21
8 22
8 21
8 22
8 21
8 22
8 21
8 22
8 21
8 22
8 21
8 22
8 21
8 22
8 21
8 22
8 21
8 22
8 21
8 22
8 21
8 22
8 21
8 22
8 21
8 22
8 21
8 22
8 21
8 22
8 21
8 22
8 21
8 22
8 21
8 22
8 21
8 22
8 21
8 22
8 21
8 22
8 21
8 22
8 21
8 22
8 21
8 22
8 21
8 22
8 21
8 22
8 21
8 22
8 21
8 22
8 21
8 22
8 21
8 22
8 21
8 22
8 21
8 22
8 21
8 22
8 21
8 22
8 21
8 22
8 21
8 22
8 21
8 22
8 21
8 22
8 21
8 22
8 21
8 22
8 21
8 22
8 21
8 22
8 21
8 22
8 21
8 22
8 21
8 22
8 21
8 22
8 21
8 22
8 21
8 22
8 21
8 22
8 21
8 22
8 21
8 22
8 21
8 22
8 21
8 22
8 21
8 22
8 21
8 22
8 21
8 22
8 21
8 22
8 21
8 22
8 21
8 22
8 21
8 22
8 21
8 22
8 21
8 22
8 21
8 22
8 21
8 22
8 21
8 22
8 21
8 22
8 21
8 22
8 21
8 22
8 21
8 22
8 21
8 22
8 21
8 22
8 21
8 22
8 21
8 22
8 21
8 22
8 21
8 22
8 21
8 22
8 21
8 22
8 21
8 22
8 21
8 22
8 21
8 22
8 21
8 22
8 21
8 22
8 21
8 22
8 21
8 22
8 21
8 22
8 21
8 22
8 21
8 22
8 21
8 22
8 21
8 22
8 21
8 22
8 21
8 22
8 21
8 22
8 21
8 22
8 21
8 22
8 21
8 22
8 21
8 22
8 21
8 22
8 21
8 22
8 21
8 22
8 21
8 22
8 21
8 22
8 21
8 22
8 21
8 22
8 21
8 22
8 21
8 22
8 21
8 22
8 21
8 22
8 21
8 22
8 21
8 22
8 21
8 22
8 21
8 22
8 21
8 22
8 21
8 22
8 21
8 22
8 21
8 22
8 21
8 22
8 21
8 22
8 21
8 22
8 21
8 22
8 21
8 22
8 21
8 22
8 21
8 22
8 21
8 22
8 21
8 22
8 21
8 22
8 21
8 22
8 21
8 22
8 21
8 22
8 21
8 22
8 21
8 22
8 21
8 22
8 21
8 22
8 21
8 22
8 21
8 22
8 21
8 22
8 21
8 22
8 21
8 22
8 21
8 22
8 21
8 22
8 21
8 22
8 21
8 22
8 21
8 22
8 21
8 22
