2 10
3 10
3 11
3 12
4 12
4 13
4 12
4 13
4 12
4 13
4 12
4 13
4 12
4 13
4 12
4 13
4 12
4 13
4 12
4 13
4 12
4 13
4 12
4 13
4 12
4 13
4 12
4 13
4 12
4 13
4 12
4 13
4 12
4 13
4 12
4 13
4 12
4 13
4 12
4 13
4 12
4 13
4 12
4 13
4 12
4 13
4 12
4 13
4 12
4 13
4 12
4 13
4 12
4 13
4 12
4 13
4 12
4 13
4 12
4 13
4 12
4 13
4 12
4 13
4 12
4 13
4 12
4 13
4 12
4 13
4 12
4 13
4 12
4 13
4 12
4 13
4 12
4 13
4 12
4 13
4 12
4 13
4 12
4 13
4 14
3 14
2 14
2 15
2 16
1 16
1 17
1 18
0 18
0 19
0 20
0 19
0 18
0 17
0 16
1 16
2 16
