2 10
3 10
3 11
3 12
4 12
4 13
4 12
4 13
4 12
4 13
4 12
4 13
4 12
4 13
4 12
4 13
4 12
4 13
4 12
4 13
4 12
4 13
4 12
4 13
4 12
4 13
4 12
4 13
4 12
4 13
4 12
4 13
4 12
4 13
4 12
4 13
4 12
4 13
4 12
4 13
4 12
4 13
4 12
4 13
4 12
4 13
4 12
4 13
4 12
4 13
4 12
4 13
4 12
4 13
4 12
4 13
4 14
3 14
2 14
2 15
2 16
3 16
4 16
5 16
6 16
6 17
6 18
7 18
8 18
9 18
10 18
10 19
10 18
10 19
10 18
10 19
10 18
10 19
10 18
10 19
10 18
10 19
10 18
10 19
10 18
10 19
10 18
10 19
10 20
9 20
8 20
8 21
8 22
9 22
10 22
11 22
12 22
12 23
12 24
11 24
10 24
10 25
10 26
9 26
8 26
9 26
8 26
9 26
8 26
9 26
8 26
9 26
8 26
9 26
8 26
9 26
8 26
9 26
8 26
9 26
8 26
9 26
8 26
9 26
8 26
9 26
8 26
9 26
8 26
9 26
8 26
9 26
8 26
9 26
8 26
9 26
8 26
9 26
8 26
9 26
8 26
9 26
8 26
9 26
8 26
9 26
8 26
9 26
8 26
9 26
8 26
9 26
8 26
9 26
8 26
9 26
8 26
9 26
8 26
9 26
8 26
9 26
8 26
9 26
8 26
9 26
8 26
9 26
8 26
9 26
8 26
9 26
8 26
9 26
8 26
9 26
8 26
9 26
8 26
9 26
8 26
9 26
8 26
9 26
8 26
9 26
8 26
9 26
8 26
9 26
8 26
9 26
8 26
9 26
8 26
9 26
8 26
9 26
8 26
9 26
8 26
9 26
8 26
9 26
8 26
9 26
8 26
9 26
8 26
9 26
8 26
9 26
8 26
9 26
8 26
9 26
8 26
9 26
8 26
9 26
8 26
9 26
8 26
9 26
8 26
9 26
8 26
9 26
8 26
9 26
8 26
9 26
8 26
9 26
8 26
9 26
8 26
9 26
8 26
9 26
8 26
9 26
8 26
9 26
8 26
9 26
8 26
9 26
8 26
9 26
8 26
9 26
8 26
9 26
8 26
9 26
8 26
9 26
8 26
9 26
8 26
9 26
8 26
9 26
8 26
9 26
8 26
9 26
8 26
9 26
8 26
9 26
8 26
9 26
8 26
9 26
8 26
9 26
8 26
9 26
8 26
9 26
8 26
9 26
8 26
9 26
8 26
9 26
8 26
9 26
8 26
9 26
8 26
9 26
8 26
9 26
8 26
9 26
8 26
9 26
8 26
9 26
8 26
9 26
8 26
9 26
8 26
9 26
8 26
9 26
8 26
9 26
8 26
9 26
8 26
9 26
8 26
9 26
8 26
9 26
8 26
9 26
8 26
9 26
8 26
9 26
8 26
9 26
8 26
9 26
8 26
9 26
8 26
9 26
8 26
9 26
8 26
9 26
8 26
9 26
8 26
9 26
8 26
9 26
8 26
9 26
8 26
9 26
8 26
9 26
8 26
9 26
8 26
9 26
8 26
9 26
8 26
9 26
8 26
9 26
8 26
9 26
8 26
9 26
8 26
9 26
8 26
9 26
8 26
9 26
8 26
9 26
8 26
9 26
8 26
9 26
8 26
9 26
8 26
9 26
8 26
9 26
8 26
9 26
8 26
9 26
8 26
9 26
8 26
9 26
8 26
9 26
8 26
9 26
8 26
9 26
8 26
9 26
8 26
9 26
8 26
9 26
8 26
9 26
8 26
9 26
8 26
9 26
8 26
9 26
8 26
9 26
8 26
9 26
8 26
9 26
8 26
9 26
8 26
9 26
8 26
9 26
8 26
9 26
8 26
9 26
8 26
9 26
8 26
9 26
8 26
9 26
8 26
9 26
8 26
9 26
8 26
9 26
8 26
9 26
8 26
9 26
8 26
9 26
8 26
9 26
8 26
9 26
8 26
9 26
8 26
9 26
8 26
9 26
8 26
9 26
8 26
9 26
8 26
9 26
8 26
9 26
8 26
9 26
8 26
9 26
8 26
9 26
8 26
9 26
8 26
9 26
8 26
9 26
8 26
9 26
8 26
9 26
8 26
9 26
8 26
9 26
8 26
9 26
8 26
9 26
8 26
9 26
8 26
9 26
8 26
9 26
8 26
9 26
8 26
9 26
8 26
9 26
8 26
9 26
8 26
9 26
8 26
9 26
8 26
9 26
8 26
9 26
8 26
9 26
8 26
9 26
8 26
9 26
8 26
9 26
8 26
9 26
8 26
9 26
8 26
9 26
8 26
9 26
8 26
9 26
8 26
9 26
8 26
9 26
8 26
9 26
8 26
9 26
8 26
9 26
8 26
9 26
8 26
9 26
8 26
9 26
8 26
9 26
8 26
9 26
8 26
9 26
8 26
9 26
8 26
9 26
8 26
9 26
8 26
9 26
8 26
9 26
8 26
9 26
8 26
9 26
8 26
9 26
8 26
9 26
8 26
9 26
8 26
9 26
8 26
9 26
8 26
9 26
8 26
9 26
8 26
9 26
8 26
9 26
8 26
9 26
8 26
9 26
8 26
9 26
8 26
9 26
8 26
9 26
8 26
9 26
8 26
9 26
8 26
9 26
8 26
9 26
8 26
9 26
8 26
9 26
8 26
9 26
8 26
9 26
8 26
9 26
8 26
9 26
8 26
9 26
8 26
9 26
8 26
9 26
8 26
9 26
8 26
9 26
8 26
9 26
8 26
9 26
8 26
9 26
8 26
9 26
8 26
9 26
8 26
9 26
8 26
9 26
8 26
9 26
8 26
9 26
8 26
9 26
8 26
9 26
8 26
9 26
8 26
9 26
8 26
9 26
8 26
9 26
8 26
9 26
8 26
9 26
8 26
9 26
8 26
9 26
8 26
9 26
8 26
9 26
8 26
9 26
8 26
9 26
8 26
9 26
8 26
9 26
8 26
9 26
8 26
9 26
8 26
9 26
8 26
9 26
8 26
9 26
8 26
9 26
8 26
9 26
8 26
9 26
8 26
9 26
8 26
9 26
8 26
9 26
8 26
9 26
8 26
9 26
8 26
9 26
8 26
9 26
8 26
9 26
8 26
9 26
8 26
9 26
8 26
9 26
8 26
9 26
8 26
9 26
8 26
9 26
8 26
9 26
8 26
9 26
8 26
9 26
8 26
9 26
8 26
9 26
8 26
9 26
8 26
9 26
8 26
9 26
8 26
9 26
8 26
9 26
8 26
9 26
8 26
9 26
8 26
9 26
8 26
9 26
8 26
9 26
8 26
9 26
8 26
9 26
8 26
9 26
8 26
9 26
8 26
9 26
8 26
9 26
8 26
9 26
8 26
9 26
8 26
9 26
8 26
9 26
8 26
9 26
8 26
9 26
8 26
9 26
8 26
9 26
8 26
9 26
8 26
9 26
8 26
9 26
8 26
9 26
8 26
9 26
8 26
9 26
8 26
9 26
8 26
9 26
8 26
9 26
8 26
9 26
8 26
9 26
8 26
9 26
8 26
9 26
8 26
9 26
8 26
9 26
8 26
9 26
8 26
9 26
8 26
9 26
8 26
9 26
8 26
9 26
8 26
9 26
8 26
9 26
8 26
9 26
8 26
9 26
8 26
9 26
8 26
9 26
8 26
9 26
8 26
9 26
8 26
9 26
8 26
9 26
8 26
9 26
8 26
9 26
8 26
9 26
8 26
9 26
8 26
9 26
8 26
9 26
8 26
9 26
8 26
9 26
8 26
9 26
8 26
9 26
8 26
9 26
8 26
9 26
8 26
9 26
8 26
9 26
8 26
9 26
8 26
9 26
8 26
9 26
8 26
9 26
8 26
9 26
8 26
9 26
8 26
9 26
8 26
9 26
8 26
9 26
8 26
9 26
8 26
9 26
8 26
9 26
8 26
9 26
8 26
9 26
8 26
9 26
8 26
9 26
8 26
9 26
8 26
9 26
8 26
9 26
8 26
9 26
8 26
9 26
8 26
9 26
8 26
9 26
8 26
9 26
8 26
9 26
8 26
9 26
8 26
9 26
8 26
9 26
8 26
9 26
8 26
9 26
8 26
9 26
8 26
9 26
8 26
9 26
8 26
9 26
8 26
9 26
8 26
9 26
8 26
9 26
8 26
9 26
8 26
9 26
8 26
9 26
8 26
9 26
8 26
9 26
8 26
9 26
8 26
9 26
8 26
9 26
8 26
9 26
8 26
9 26
8 26
9 26
8 26
9 26
8 26
9 26
8 26
9 26
8 26
9 26
8 26
9 26
8 26
9 26
8 26
9 26
8 26
9 26
8 26
9 26
8 26
9 26
8 26
9 26
8 26
9 26
8 26
9 26
8 26
9 26
8 26
9 26
8 26
9 26
8 26
9 26
8 26
9 26
8 26
9 26
8 26
9 26
8 26
9 26
8 26
9 26
8 26
9 26
8 26
9 26
8 26
9 26
8 26
9 26
8 26
9 26
8 26
9 26
8 26
9 26
8 26
9 26
8 26
9 26
8 26
9 26
8 26
9 26
8 26
9 26
8 26
9 26
8 26
9 26
8 26
9 26
8 26
9 26
8 26
9 26
8 26
9 26
8 26
9 26
8 26
9 26
8 26
9 26
8 26
9 26
8 26
9 26
8 26
9 26
8 26
9 26
8 26
9 26
8 26
9 26
8 26
9 26
8 26
9 26
8 26
9 26
8 26
9 26
8 26
9 26
8 26
9 26
8 26
9 26
8 26
9 26
8 26
9 26
8 26
9 26
8 26
9 26
8 26
9 26
8 26
9 26
8 26
9 26
8 26
9 26
8 26
9 26
8 26
9 26
8 26
9 26
8 26
9 26
8 26
9 26
8 26
9 26
8 26
9 26
8 26
9 26
8 26
9 26
8 26
9 26
8 26
9 26
8 26
9 26
8 26
9 26
8 26
9 26
8 26
9 26
8 26
9 26
8 26
9 26
8 26
9 26
8 26
9 26
8 26
9 26
8 26
9 26
8 26
9 26
8 26
9 26
8 26
9 26
8 26
9 26
8 26
9 26
8 26
9 26
8 26
9 26
8 26
9 26
8 26
9 26
8 26
9 26
8 26
9 26
8 26
9 26
8 26
9 26
8 26
9 26
8 26
9 26
8 26
9 26
8 26
9 26
8 26
9 26
8 26
9 26
8 26
9 26
8 26
9 26
8 26
9 26
8 26
9 26
8 26
9 26
8 26
9 26
8 26
9 26
8 26
9 26
8 26
9 26
8 26
9 26
8 26
9 26
8 26
9 26
8 26
9 26
8 26
9 26
8 26
9 26
8 26
9 26
8 26
9 26
8 26
9 26
8 26
9 26
8 26
9 26
8 26
9 26
8 26
9 26
8 26
9 26
8 26
9 26
8 26
9 26
8 26
9 26
8 26
9 26
8 26
9 26
8 26
9 26
8 26
9 26
8 26
9 26
8 26
9 26
8 26
9 26
8 26
9 26
8 26
9 26
8 26
9 26
8 26
9 26
8 26
9 26
8 26
9 26
8 26
9 26
8 26
9 26
8 26
9 26
8 26
9 26
8 26
9 26
8 26
9 26
8 26
9 26
8 26
9 26
8 26
9 26
8 26
9 26
8 26
9 26
8 26
9 26
8 26
9 26
8 26
9 26
8 26
9 26
8 26
9 26
8 26
9 26
8 26
9 26
8 26
9 26
8 26
9 26
8 26
9 26
8 26
9 26
8 26
9 26
8 26
9 26
8 26
9 26
8 26
9 26
8 26
9 26
8 26
9 26
8 26
9 26
8 26
9 26
8 26
9 26
8 26
9 26
8 26
9 26
8 26
9 26
8 26
9 26
8 26
9 26
8 26
9 26
8 26
9 26
8 26
9 26
8 26
9 26
8 26
9 26
8 26
9 26
8 26
9 26
8 26
9 26
8 26
9 26
8 26
9 26
8 26
9 26
8 26
9 26
8 26
9 26
8 26
9 26
8 26
9 26
8 26
9 26
8 26
9 26
8 26
9 26
8 26
9 26
8 26
9 26
8 26
9 26
8 26
9 26
8 26
9 26
8 26
9 26
8 26
9 26
8 26
9 26
8 26
9 26
8 26
9 26
8 26
9 26
8 26
9 26
8 26
9 26
8 26
9 26
8 26
9 26
8 26
9 26
8 26
9 26
8 26
9 26
8 26
9 26
8 26
9 26
8 26
9 26
8 26
9 26
8 26
9 26
8 26
9 26
8 26
9 26
8 26
9 26
8 26
9 26
8 26
9 26
8 26
9 26
8 26
9 26
8 26
9 26
8 26
9 26
8 26
9 26
8 26
9 26
8 26
9 26
8 26
9 26
8 26
9 26
8 26
9 26
8 26
9 26
8 26
9 26
8 26
9 26
8 26
9 26
8 26
9 26
8 26
9 26
8 26
9 26
8 26
9 26
8 26
9 26
8 26
9 26
8 26
9 26
8 26
9 26
8 26
9 26
8 26
9 26
8 26
9 26
8 26
9 26
8 26
9 26
8 26
9 26
8 26
9 26
8 26
9 26
8 26
9 26
8 26
9 26
8 26
9 26
8 26
9 26
8 26
9 26
8 26
9 26
8 26
9 26
8 26
9 26
8 26
9 26
8 26
9 26
8 26
9 26
8 26
9 26
8 26
9 26
8 26
9 26
8 26
9 26
8 26
9 26
8 26
9 26
8 26
9 26
8 26
9 26
8 26
9 26
8 26
9 26
8 26
9 26
8 26
9 26
8 26
