2 10
3 10
3 11
3 12
4 12
4 13
4 12
4 13
4 12
4 13
4 12
4 13
4 12
4 13
4 12
4 13
4 12
4 13
4 12
4 13
4 12
4 13
4 12
4 13
4 12
4 13
4 12
4 13
4 12
4 13
4 12
4 13
4 12
4 13
4 12
4 13
4 12
4 13
4 12
4 13
4 12
4 13
4 12
4 13
4 12
4 13
4 12
4 13
4 12
4 13
4 12
4 13
4 12
4 13
4 12
4 13
4 12
4 13
4 12
4 13
4 12
4 13
4 12
4 13
4 12
4 13
4 12
4 13
4 12
4 13
4 12
4 13
4 12
4 13
4 14
3 14
2 14
2 15
2 16
3 16
4 16
5 16
6 16
6 17
6 18
5 18
4 18
3 18
3 19
2 19
2 20
2 21
2 22
2 23
2 24
1 24
0 24
0 25
0 26
0 27
0 28
0 29
0 30
0 31
0 32
0 33
0 34
0 35
0 36
0 37
