7 6
6 6
7 6
6 6
7 6
6 6
7 6
6 6
7 6
6 6
7 6
6 6
7 6
6 6
7 6
6 6
7 6
6 6
7 6
6 6
7 6
6 6
7 6
6 6
7 6
6 6
7 6
6 6
7 6
6 6
7 6
6 6
7 6
6 6
7 6
6 6
7 6
6 6
7 6
6 6
7 6
6 6
7 6
6 6
7 6
6 6
7 6
6 6
7 6
6 6
7 6
6 6
7 6
6 6
7 6
6 6
7 6
6 6
7 6
6 6
7 6
6 6
7 6
6 6
7 6
6 6
7 6
6 6
7 6
6 6
7 6
6 6
7 6
6 6
7 6
6 6
7 6
6 6
7 6
6 6
7 6
6 6
7 6
6 6
7 6
6 6
7 6
6 6
7 6
6 6
7 6
6 6
5 6
5 7
5 8
4 8
4 9
4 10
3 10
3 11
3 12
4 12
4 13
4 14
3 14
2 14
2 15
2 16
3 16
4 16
5 16
6 16
6 17
6 18
7 18
6 18
7 18
6 18
7 18
6 18
7 18
6 18
7 18
6 18
7 18
6 18
7 18
6 18
7 18
6 18
7 18
6 18
7 18
6 18
7 18
6 18
7 18
6 18
7 18
6 18
7 18
6 18
7 18
6 18
7 18
6 18
7 18
6 18
7 18
6 18
7 18
6 18
7 18
6 18
7 18
6 18
7 18
6 18
7 18
6 18
7 18
6 18
7 18
6 18
7 18
6 18
7 18
6 18
7 18
6 18
7 18
6 18
7 18
6 18
7 18
6 18
7 18
6 18
7 18
6 18
7 18
6 18
7 18
6 18
7 18
6 18
7 18
6 18
7 18
6 18
7 18
6 18
7 18
6 18
7 18
6 18
7 18
6 18
