0 0
0 1
0 2
0 3
0 4
0 5
0 6
0 7
0 8
0 9
0 10
0 11
0 12
0 13
0 14
1 14
2 14
2 15
2 16
3 16
4 16
5 16
6 16
6 17
6 18
7 18
8 18
9 18
10 18
10 19
10 18
10 19
10 18
10 19
10 18
10 19
10 18
10 19
10 18
10 19
10 18
10 19
10 18
10 19
10 18
10 19
10 20
9 20
8 20
8 21
8 22
8 21
8 22
9 22
10 22
11 22
12 22
12 23
12 24
11 24
12 24
13 24
12 24
11 24
10 24
10 25
10 26
9 26
8 26
7 26
6 26
6 27
6 28
6 29
6 30
6 31
6 32
5 32
4 32
4 33
4 34
4 35
4 36
3 36
2 36
1 36
1 35
1 34
0 34
0 33
0 32
0 31
0 30
0 29
0 28
0 27
0 26
0 25
0 24
0 23
0 22
0 21
0 20
