0 0
0 1
0 2
0 3
0 4
0 5
0 6
0 7
0 8
0 9
0 10
0 11
0 12
0 13
0 14
1 14
2 14
2 15
2 16
3 16
4 16
5 16
6 16
6 17
6 18
7 18
8 18
9 18
10 18
10 19
10 18
10 19
10 18
10 19
10 18
10 19
10 18
10 19
10 18
10 19
10 18
10 19
10 18
10 19
10 18
10 19
10 18
10 19
10 20
10 19
10 18
10 19
10 18
10 19
10 18
10 19
10 18
10 19
10 18
10 19
10 18
10 19
10 18
10 19
10 18
10 19
10 18
10 19
10 18
10 19
10 20
9 20
8 20
8 21
8 22
8 21
8 22
8 21
8 22
8 21
8 22
8 21
8 22
8 21
8 20
8 21
8 20
9 20
10 20
10 19
10 18
10 17
10 16
10 15
10 14
9 14
8 14
7 14
7 13
7 12
7 11
7 10
6 10
6 9
6 8
5 8
5 7
4 7
4 8
4 9
4 10
3 10
2 10
2 9
2 8
1 8
0 8
