0 0
0 1
0 2
0 3
0 4
0 5
0 6
0 7
0 8
0 9
0 10
0 11
0 12
0 13
0 14
1 14
2 14
2 15
2 16
3 16
4 16
5 16
6 16
6 17
6 18
7 18
8 18
9 18
10 18
10 19
10 18
10 19
10 18
10 19
10 18
10 19
10 18
10 19
10 18
10 19
10 18
10 19
10 18
10 19
10 18
10 19
10 18
10 19
10 18
10 19
10 20
9 20
8 20
8 21
8 22
8 21
8 22
8 21
8 22
9 22
10 22
11 22
12 22
12 23
12 24
13 24
12 24
11 24
10 24
10 25
10 24
10 25
10 24
10 25
10 24
10 25
10 24
10 25
10 24
10 25
10 24
10 25
10 24
10 25
10 24
10 25
10 24
10 25
10 26
9 26
8 26
7 26
6 26
6 27
6 28
6 29
6 30
6 31
6 32
7 32
7 33
7 34
8 34
8 35
8 36
9 36
10 36
11 36
12 36
12 37
12 38
13 38
13 39
13 40
12 40
12 41
12 42
12 43
12 44
11 44
10 44
9 44
