1 (5,8) (30,35) -1 -1
2 (5,8) (53,56) -1 -1
3 (5,8) (39,52) -1 -1
4 (5,8) (49,34) 5686.48 110 73182 Fail
5 (5,8) (35,42) 7001.37 104 89097 Fail
6 (5,8) (42,41) 5531.78 116 68958 Fail
7 (5,8) (38,44) 8962.95 123 117294 Fail
8 (5,8) (54,46) -1 -1
9 (5,8) (44,58) -1 -1
10 (5,8) (59,59) -1 -1
11 (8,14) (30,35) -1 -1
12 (8,14) (53,56) -1 -1
13 (8,14) (39,52) -1 -1
14 (8,14) (49,34) 4836.07 111 66591 Fail
15 (8,14) (35,42) 6182.06 103 83118 Fail
16 (8,14) (42,41) 4641.18 117 63179 Fail
17 (8,14) (38,44) 8176.29 122 110992 Fail
18 (8,14) (54,46) -1 -1
19 (8,14) (44,58) -1 -1
20 (8,14) (59,59) -1 -1
21 (5,16) (30,35) -1 -1
22 (5,16) (53,56) -1 -1
23 (5,16) (39,52) -1 -1
24 (5,16) (49,34) 4840.64 110 66404 Fail
25 (5,16) (35,42) 6260.82 104 84060 Fail
26 (5,16) (42,41) 4653.55 116 62967 Fail
27 (5,16) (38,44) 8252.49 123 111821 Fail
28 (5,16) (54,46) -1 -1
29 (5,16) (44,58) -1 -1
30 (5,16) (59,59) -1 -1
31 (13,12) (30,35) 553.491 38 7387 Success
32 (13,12) (53,56) 13875.5 74 146093 Success
33 (13,12) (39,52) 3864.67 50 50974 Success
34 (13,12) (49,34) 2382.59 34 29133 Success
35 (13,12) (35,42) 2674.85 44 37282 Success
36 (13,12) (42,41) 2319.82 31 28631 Success
37 (13,12) (38,44) 3218.42 101 44158 Fail
38 (13,12) (54,46) 5609.15 101 62937 Fail
39 (13,12) (44,58) -1 -1
40 (13,12) (59,59) -1 -1
41 (14,14) (30,35) 537.59 101 6357 Fail
42 (14,14) (53,56) 13163 101 141302 Fail
43 (14,14) (39,52) 3634.31 101 48842 Fail
44 (14,14) (49,34) 2159.7 101 25752 Fail
45 (14,14) (35,42) 2494.32 101 35169 Fail
46 (14,14) (42,41) 2132.27 101 26018 Fail
47 (14,14) (38,44) 2858.38 49 40697 Success
48 (14,14) (54,46) 4972.26 45 57732 Success
49 (14,14) (44,58) -1 -1
50 (14,14) (59,59) -1 -1
51 (12,2) (30,35) 1402.28 105 18643 Fail
52 (12,2) (53,56) 17581 101 169934 Fail
53 (12,2) (39,52) 5394.57 101 62308 Fail
54 (12,2) (49,34) 3991.33 101 45355 Fail
55 (12,2) (35,42) 4206.75 103 51267 Fail
56 (12,2) (42,41) 3774.93 101 42705 Fail
57 (12,2) (38,44) 4618.65 49 57115 Success
58 (12,2) (54,46) 8112.31 48 83711 Success
59 (12,2) (44,58) -1 -1
60 (12,2) (59,59) -1 -1
61 (2,10) (30,35) 2904.26 101 43048 Fail
62 (2,10) (53,56) -1 -1
63 (2,10) (39,52) -1 -1
64 (2,10) (49,34) 8304.82 101 106811 Fail
65 (2,10) (35,42) -1 -1
66 (2,10) (42,41) 7593.72 101 96054 Fail
67 (2,10) (38,44) -1 -1
68 (2,10) (54,46) -1 -1
69 (2,10) (44,58) 29879.1 110 291777 Fail
70 (2,10) (59,59) -1 -1
71 (0,2) (30,35) -1 -1
72 (0,2) (53,56) -1 -1
73 (0,2) (39,52) -1 -1
74 (0,2) (49,34) 7104.03 111 85761 Fail
75 (0,2) (35,42) 8475.33 103 101355 Fail
76 (0,2) (42,41) 6894.59 117 81728 Fail
77 (0,2) (38,44) 10498 122 130247 Fail
78 (0,2) (54,46) -1 -1
79 (0,2) (44,58) -1 -1
80 (0,2) (59,59) -1 -1
81 (7,6) (30,35) 3812.83 57 52356 Success
82 (7,6) (53,56) -1 -1
83 (7,6) (39,52) -1 -1
84 (7,6) (49,34) 11384.3 99 134805 Success
85 (7,6) (35,42) -1 -1
86 (7,6) (42,41) 10021.6 89 118471 Success
87 (7,6) (38,44) -1 -1
88 (7,6) (54,46) -1 -1
89 (7,6) (44,58) 34837.7 113 320910 Fail
90 (7,6) (59,59) -1 -1
91 (0,0) (30,35) -1 -1
92 (0,0) (53,56) -1 -1
93 (0,0) (39,52) -1 -1
94 (0,0) (49,34) 7534.07 111 89308 Fail
95 (0,0) (35,42) 8558.26 103 104495 Fail
96 (0,0) (42,41) 7145.18 117 84871 Fail
97 (0,0) (38,44) 10797.4 122 133428 Fail
98 (0,0) (54,46) -1 -1
99 (0,0) (44,58) -1 -1
100 (0,0) (59,59) -1 -1
