1 16
1 17
1 18
2 18
2 19
2 20
2 21
2 22
2 23
2 24
3 24
4 24
5 24
6 24
7 24
8 24
9 24
10 24
10 25
10 24
10 25
10 24
10 25
10 24
10 25
10 24
10 25
10 24
10 25
10 24
10 25
10 24
10 25
10 24
10 25
10 24
10 25
10 24
10 25
10 24
10 25
10 24
10 25
10 26
9 26
8 26
7 26
6 26
6 27
6 28
6 29
6 30
6 31
6 32
7 32
7 33
7 34
8 34
8 35
8 36
9 36
10 36
11 36
12 36
12 37
12 38
13 38
13 39
13 40
12 40
12 41
12 42
13 42
14 42
15 42
16 42
16 43
17 43
18 43
18 44
18 45
18 46
18 47
18 48
18 49
18 50
17 50
16 50
15 50
14 50
13 50
12 50
11 50
10 50
9 50
8 50
8 51
8 52
8 53
7 53
6 53
6 52
5 52
4 52
