1 16
1 17
1 18
2 18
2 19
2 20
2 21
2 22
2 23
2 24
3 24
4 24
5 24
6 24
7 24
8 24
9 24
10 24
10 25
10 24
10 25
10 24
10 25
10 24
10 25
10 24
10 25
10 24
10 25
10 24
11 24
12 24
11 24
10 24
10 25
10 24
10 25
10 24
10 25
10 24
10 25
10 24
11 24
12 24
13 24
14 24
15 24
16 24
15 24
14 24
13 24
12 24
11 24
10 24
9 24
8 24
7 24
6 24
5 24
4 24
3 24
2 24
1 24
0 24
0 23
0 22
0 21
0 20
0 19
0 18
0 17
0 16
1 16
2 16
2 15
2 14
1 14
0 14
0 13
0 12
0 11
0 10
0 9
0 8
0 7
0 6
0 5
0 4
0 3
0 2
0 1
0 2
1 2
2 2
2 1
2 0
1 0
0 0
0 1
0 0
0 1
