1 16
1 17
1 18
2 18
2 19
2 20
2 21
2 22
2 23
2 24
3 24
4 24
5 24
6 24
7 24
8 24
9 24
10 24
10 25
10 24
10 25
10 24
10 25
10 24
10 25
10 24
10 25
10 24
10 25
10 24
10 25
10 24
10 25
10 24
10 25
10 24
10 25
10 24
10 25
10 24
10 25
10 24
10 25
10 26
9 26
8 26
7 26
6 26
6 27
6 28
6 29
6 30
6 31
6 32
7 32
7 33
7 34
8 34
8 35
8 36
9 36
10 36
11 36
12 36
12 37
12 38
13 38
13 39
13 40
12 40
11 40
10 40
9 40
8 40
7 40
6 40
5 40
4 40
4 39
4 38
3 38
2 38
2 39
2 40
1 40
0 40
0 39
0 38
0 37
0 36
0 35
0 34
0 33
0 32
0 31
0 30
0 29
0 28
0 27
0 26
0 25
