1 16
1 17
1 18
2 18
2 19
2 20
2 21
2 22
2 23
2 24
3 24
4 24
5 24
6 24
7 24
8 24
9 24
10 24
10 25
10 24
10 25
10 24
10 25
10 24
10 25
10 24
10 25
10 24
10 25
10 24
10 25
10 24
10 25
10 24
10 25
10 24
10 25
10 24
10 25
10 24
10 25
10 24
10 25
10 24
10 25
10 24
10 25
10 24
10 25
10 24
10 25
10 24
10 25
10 24
10 25
10 24
10 25
10 24
10 25
10 24
10 25
10 24
10 25
10 24
10 25
10 24
10 25
10 24
10 25
10 24
10 25
10 24
10 25
10 24
10 25
10 24
10 25
10 24
10 25
10 24
10 25
10 24
10 25
10 24
10 25
10 24
10 25
10 26
9 26
8 26
7 26
6 26
6 27
6 28
6 29
6 30
6 31
6 32
7 32
7 33
7 34
6 34
6 35
6 36
6 37
6 38
5 38
4 38
4 39
4 40
5 40
6 40
7 40
7 41
7 42
6 42
6 43
6 44
6 45
6 46
5 46
6 46
5 46
6 46
5 46
6 46
5 46
6 46
5 46
6 46
5 46
6 46
5 46
6 46
5 46
6 46
5 46
6 46
5 46
6 46
5 46
6 46
5 46
6 46
5 46
6 46
5 46
6 46
5 46
6 46
5 46
6 46
5 46
6 46
5 46
6 46
5 46
6 46
5 46
6 46
5 46
6 46
5 46
6 46
5 46
6 46
5 46
6 46
5 46
6 46
5 46
6 46
5 46
6 46
5 46
6 46
5 46
6 46
5 46
6 46
5 46
6 46
5 46
6 46
5 46
6 46
5 46
6 46
5 46
6 46
5 46
6 46
5 46
6 46
5 46
6 46
5 46
6 46
5 46
6 46
5 46
6 46
5 46
6 46
5 46
6 46
5 46
6 46
5 46
6 46
5 46
6 46
5 46
6 46
5 46
6 46
5 46
6 46
5 46
6 46
5 46
6 46
5 46
6 46
5 46
6 46
5 46
6 46
5 46
6 46
5 46
6 46
5 46
6 46
5 46
6 46
5 46
6 46
5 46
6 46
5 46
6 46
5 46
6 46
5 46
6 46
5 46
6 46
5 46
6 46
5 46
6 46
5 46
6 46
5 46
6 46
5 46
6 46
5 46
6 46
5 46
6 46
5 46
6 46
5 46
6 46
5 46
6 46
5 46
6 46
5 46
6 46
5 46
6 46
5 46
6 46
5 46
6 46
5 46
6 46
5 46
6 46
5 46
6 46
5 46
6 46
5 46
6 46
5 46
6 46
5 46
6 46
5 46
6 46
5 46
6 46
5 46
6 46
5 46
6 46
5 46
6 46
5 46
6 46
5 46
6 46
5 46
6 46
5 46
6 46
5 46
6 46
5 46
6 46
5 46
6 46
5 46
6 46
5 46
6 46
5 46
6 46
5 46
6 46
5 46
6 46
5 46
6 46
5 46
6 46
5 46
6 46
5 46
6 46
5 46
6 46
5 46
6 46
5 46
6 46
5 46
6 46
5 46
6 46
5 46
6 46
5 46
6 46
5 46
6 46
5 46
6 46
5 46
6 46
5 46
6 46
5 46
6 46
5 46
6 46
5 46
6 46
5 46
6 46
5 46
6 46
5 46
6 46
5 46
6 46
5 46
6 46
5 46
6 46
5 46
6 46
5 46
6 46
5 46
6 46
5 46
6 46
5 46
6 46
5 46
6 46
5 46
6 46
5 46
6 46
5 46
6 46
5 46
6 46
5 46
6 46
5 46
6 46
5 46
6 46
5 46
6 46
5 46
6 46
5 46
6 46
5 46
6 46
5 46
6 46
5 46
6 46
5 46
6 46
5 46
6 46
5 46
6 46
5 46
6 46
5 46
6 46
5 46
6 46
5 46
6 46
5 46
6 46
5 46
6 46
5 46
6 46
5 46
6 46
5 46
6 46
5 46
6 46
5 46
6 46
5 46
6 46
5 46
6 46
5 46
6 46
5 46
6 46
5 46
6 46
5 46
6 46
5 46
6 46
5 46
6 46
5 46
6 46
5 46
6 46
5 46
6 46
5 46
6 46
5 46
6 46
5 46
6 46
5 46
6 46
5 46
6 46
5 46
6 46
5 46
6 46
5 46
6 46
5 46
6 46
5 46
6 46
5 46
6 46
5 46
6 46
5 46
6 46
5 46
6 46
5 46
6 46
5 46
6 46
5 46
6 46
5 46
6 46
5 46
6 46
5 46
6 46
5 46
6 46
5 46
6 46
5 46
6 46
5 46
6 46
5 46
6 46
5 46
6 46
5 46
6 46
5 46
6 46
5 46
6 46
5 46
6 46
5 46
6 46
5 46
6 46
5 46
6 46
5 46
6 46
5 46
6 46
5 46
6 46
5 46
6 46
5 46
6 46
5 46
6 46
5 46
6 46
5 46
6 46
5 46
6 46
5 46
6 46
5 46
6 46
5 46
6 46
5 46
6 46
5 46
6 46
5 46
6 46
5 46
6 46
5 46
6 46
5 46
6 46
5 46
6 46
5 46
6 46
5 46
6 46
5 46
6 46
5 46
6 46
5 46
6 46
5 46
6 46
5 46
6 46
5 46
6 46
5 46
6 46
5 46
6 46
5 46
6 46
5 46
6 46
5 46
6 46
5 46
6 46
5 46
6 46
5 46
6 46
5 46
6 46
5 46
6 46
5 46
6 46
5 46
6 46
5 46
6 46
5 46
6 46
5 46
6 46
5 46
6 46
5 46
6 46
5 46
6 46
5 46
6 46
5 46
6 46
5 46
6 46
5 46
6 46
5 46
6 46
5 46
6 46
5 46
6 46
5 46
6 46
5 46
6 46
5 46
6 46
5 46
6 46
5 46
6 46
5 46
6 46
5 46
6 46
5 46
6 46
5 46
6 46
5 46
6 46
5 46
6 46
5 46
6 46
5 46
6 46
5 46
6 46
5 46
6 46
5 46
6 46
5 46
6 46
5 46
6 46
5 46
6 46
5 46
6 46
5 46
6 46
5 46
6 46
5 46
6 46
5 46
6 46
5 46
6 46
5 46
6 46
5 46
6 46
5 46
6 46
5 46
6 46
5 46
6 46
5 46
6 46
5 46
6 46
5 46
6 46
5 46
6 46
5 46
6 46
5 46
6 46
5 46
6 46
5 46
6 46
5 46
6 46
5 46
6 46
5 46
6 46
5 46
6 46
5 46
6 46
5 46
6 46
5 46
6 46
5 46
6 46
5 46
6 46
5 46
6 46
5 46
6 46
5 46
6 46
5 46
6 46
5 46
6 46
5 46
6 46
5 46
6 46
5 46
6 46
5 46
6 46
5 46
6 46
5 46
6 46
5 46
6 46
5 46
6 46
5 46
6 46
5 46
6 46
5 46
6 46
5 46
6 46
5 46
6 46
5 46
6 46
5 46
6 46
5 46
6 46
5 46
6 46
5 46
6 46
5 46
6 46
5 46
6 46
5 46
6 46
5 46
6 46
5 46
6 46
5 46
6 46
5 46
6 46
5 46
6 46
5 46
6 46
5 46
6 46
5 46
6 46
5 46
6 46
5 46
6 46
5 46
6 46
5 46
6 46
5 46
6 46
5 46
6 46
5 46
6 46
5 46
6 46
5 46
6 46
5 46
6 46
5 46
6 46
5 46
6 46
5 46
6 46
5 46
6 46
5 46
6 46
5 46
6 46
5 46
6 46
5 46
6 46
5 46
6 46
5 46
6 46
5 46
6 46
5 46
6 46
5 46
6 46
5 46
6 46
5 46
6 46
5 46
6 46
5 46
6 46
5 46
6 46
5 46
6 46
5 46
6 46
5 46
6 46
5 46
6 46
5 46
6 46
5 46
6 46
5 46
6 46
5 46
6 46
5 46
6 46
5 46
6 46
5 46
6 46
5 46
6 46
5 46
6 46
5 46
6 46
5 46
6 46
5 46
6 46
5 46
6 46
5 46
6 46
5 46
6 46
5 46
6 46
5 46
6 46
5 46
6 46
5 46
6 46
5 46
6 46
5 46
6 46
5 46
6 46
5 46
6 46
5 46
6 46
5 46
6 46
5 46
6 46
5 46
6 46
5 46
6 46
5 46
6 46
5 46
6 46
5 46
6 46
5 46
6 46
5 46
6 46
5 46
6 46
5 46
6 46
5 46
6 46
5 46
6 46
5 46
6 46
5 46
6 46
5 46
6 46
5 46
6 46
5 46
6 46
5 46
6 46
5 46
6 46
5 46
6 46
5 46
6 46
5 46
6 46
5 46
6 46
5 46
6 46
5 46
6 46
5 46
6 46
5 46
6 46
5 46
6 46
5 46
6 46
5 46
6 46
5 46
6 46
5 46
6 46
5 46
6 46
5 46
6 46
5 46
6 46
5 46
6 46
5 46
6 46
5 46
6 46
5 46
6 46
5 46
6 46
5 46
6 46
5 46
6 46
5 46
6 46
5 46
6 46
5 46
6 46
5 46
6 46
5 46
6 46
5 46
6 46
5 46
6 46
5 46
6 46
5 46
6 46
5 46
6 46
5 46
6 46
5 46
6 46
5 46
6 46
5 46
6 46
5 46
6 46
5 46
6 46
5 46
6 46
5 46
6 46
5 46
6 46
5 46
6 46
5 46
6 46
5 46
6 46
5 46
6 46
5 46
6 46
5 46
6 46
5 46
6 46
5 46
6 46
5 46
6 46
5 46
6 46
5 46
6 46
5 46
6 46
5 46
6 46
5 46
6 46
5 46
6 46
5 46
6 46
5 46
6 46
5 46
6 46
5 46
6 46
5 46
6 46
5 46
6 46
5 46
6 46
5 46
6 46
5 46
6 46
5 46
6 46
5 46
6 46
5 46
6 46
5 46
6 46
5 46
6 46
5 46
6 46
5 46
6 46
5 46
6 46
5 46
6 46
5 46
6 46
5 46
6 46
5 46
6 46
5 46
6 46
5 46
6 46
5 46
6 46
5 46
6 46
5 46
6 46
5 46
6 46
5 46
6 46
5 46
6 46
5 46
6 46
5 46
6 46
5 46
6 46
5 46
6 46
5 46
6 46
5 46
6 46
5 46
6 46
5 46
6 46
5 46
6 46
5 46
6 46
5 46
6 46
5 46
6 46
5 46
6 46
5 46
6 46
5 46
6 46
5 46
6 46
5 46
6 46
5 46
6 46
5 46
6 46
5 46
6 46
5 46
6 46
5 46
6 46
5 46
6 46
5 46
6 46
5 46
6 46
5 46
6 46
5 46
6 46
5 46
6 46
5 46
6 46
5 46
6 46
5 46
6 46
5 46
6 46
5 46
6 46
5 46
6 46
5 46
6 46
5 46
6 46
5 46
6 46
5 46
6 46
5 46
6 46
5 46
6 46
5 46
6 46
5 46
6 46
5 46
6 46
5 46
6 46
5 46
6 46
5 46
6 46
5 46
6 46
5 46
6 46
5 46
6 46
5 46
6 46
5 46
6 46
5 46
6 46
5 46
6 46
5 46
6 46
5 46
6 46
5 46
6 46
5 46
6 46
5 46
6 46
5 46
6 46
5 46
6 46
5 46
6 46
5 46
6 46
5 46
6 46
5 46
6 46
5 46
6 46
5 46
6 46
5 46
6 46
5 46
6 46
5 46
6 46
5 46
6 46
5 46
6 46
5 46
6 46
5 46
6 46
5 46
6 46
5 46
6 46
5 46
6 46
5 46
6 46
5 46
6 46
5 46
6 46
5 46
6 46
5 46
6 46
5 46
6 46
5 46
6 46
5 46
6 46
5 46
6 46
5 46
6 46
5 46
6 46
5 46
6 46
5 46
6 46
5 46
6 46
5 46
6 46
5 46
6 46
5 46
6 46
5 46
6 46
5 46
6 46
5 46
6 46
5 46
6 46
5 46
6 46
5 46
6 46
5 46
6 46
5 46
6 46
5 46
6 46
5 46
6 46
5 46
6 46
5 46
6 46
5 46
6 46
5 46
6 46
5 46
6 46
5 46
6 46
5 46
6 46
5 46
6 46
5 46
6 46
5 46
6 46
5 46
6 46
5 46
6 46
5 46
6 46
5 46
6 46
5 46
6 46
5 46
6 46
5 46
6 46
5 46
6 46
5 46
6 46
5 46
6 46
5 46
6 46
5 46
6 46
5 46
6 46
5 46
6 46
5 46
6 46
5 46
6 46
5 46
6 46
5 46
6 46
5 46
6 46
5 46
6 46
5 46
6 46
5 46
6 46
5 46
6 46
5 46
6 46
5 46
6 46
5 46
6 46
5 46
6 46
5 46
6 46
5 46
6 46
5 46
6 46
5 46
6 46
5 46
6 46
5 46
6 46
5 46
6 46
5 46
6 46
5 46
6 46
5 46
6 46
5 46
6 46
5 46
6 46
5 46
6 46
5 46
6 46
5 46
6 46
5 46
6 46
5 46
6 46
5 46
6 46
5 46
6 46
5 46
6 46
5 46
6 46
5 46
6 46
5 46
6 46
5 46
6 46
5 46
6 46
5 46
6 46
5 46
6 46
5 46
6 46
5 46
6 46
5 46
6 46
5 46
6 46
5 46
6 46
5 46
6 46
5 46
6 46
5 46
6 46
5 46
6 46
5 46
6 46
5 46
6 46
5 46
6 46
5 46
6 46
5 46
6 46
5 46
6 46
5 46
6 46
5 46
6 46
5 46
6 46
5 46
6 46
5 46
6 46
5 46
6 46
5 46
6 46
5 46
6 46
5 46
6 46
5 46
6 46
5 46
6 46
5 46
6 46
5 46
6 46
5 46
6 46
5 46
6 46
5 46
6 46
5 46
6 46
5 46
6 46
5 46
6 46
5 46
6 46
5 46
6 46
5 46
6 46
5 46
6 46
5 46
6 46
5 46
6 46
5 46
6 46
5 46
6 46
5 46
6 46
5 46
6 46
5 46
6 46
5 46
6 46
5 46
6 46
5 46
6 46
5 46
6 46
5 46
6 46
5 46
6 46
5 46
6 46
5 46
6 46
5 46
6 46
5 46
6 46
5 46
6 46
5 46
6 46
5 46
6 46
5 46
6 46
5 46
6 46
5 46
6 46
5 46
6 46
5 46
6 46
5 46
6 46
5 46
6 46
5 46
6 46
5 46
6 46
5 46
6 46
5 46
6 46
5 46
6 46
5 46
6 46
5 46
6 46
5 46
6 46
5 46
6 46
5 46
6 46
5 46
6 46
5 46
6 46
5 46
6 46
5 46
6 46
5 46
6 46
5 46
6 46
5 46
6 46
5 46
6 46
5 46
6 46
5 46
6 46
5 46
6 46
5 46
6 46
5 46
6 46
5 46
6 46
5 46
6 46
5 46
6 46
5 46
6 46
5 46
6 46
5 46
6 46
5 46
6 46
5 46
6 46
5 46
6 46
5 46
6 46
5 46
6 46
5 46
6 46
5 46
6 46
5 46
6 46
5 46
6 46
5 46
6 46
5 46
6 46
5 46
6 46
5 46
6 46
5 46
6 46
5 46
6 46
5 46
6 46
5 46
6 46
5 46
6 46
5 46
6 46
5 46
6 46
5 46
6 46
5 46
6 46
5 46
6 46
5 46
6 46
5 46
6 46
5 46
6 46
5 46
6 46
5 46
6 46
5 46
6 46
5 46
6 46
5 46
6 46
5 46
6 46
5 46
6 46
5 46
6 46
5 46
6 46
5 46
6 46
5 46
6 46
5 46
6 46
5 46
6 46
5 46
6 46
5 46
6 46
5 46
6 46
5 46
6 46
5 46
6 46
5 46
6 46
5 46
6 46
5 46
6 46
5 46
6 46
5 46
6 46
5 46
6 46
5 46
6 46
5 46
6 46
5 46
6 46
5 46
6 46
5 46
6 46
5 46
6 46
5 46
6 46
5 46
6 46
5 46
6 46
5 46
6 46
5 46
6 46
5 46
6 46
5 46
6 46
5 46
6 46
5 46
6 46
5 46
6 46
5 46
6 46
5 46
6 46
5 46
6 46
5 46
6 46
5 46
6 46
5 46
6 46
5 46
6 46
5 46
6 46
5 46
6 46
5 46
6 46
5 46
6 46
5 46
6 46
5 46
6 46
5 46
6 46
5 46
6 46
5 46
6 46
5 46
6 46
5 46
6 46
5 46
6 46
5 46
6 46
5 46
6 46
5 46
6 46
5 46
6 46
5 46
6 46
5 46
6 46
5 46
6 46
5 46
6 46
5 46
6 46
5 46
6 46
5 46
6 46
5 46
6 46
5 46
6 46
5 46
6 46
5 46
6 46
5 46
6 46
5 46
6 46
5 46
6 46
5 46
6 46
5 46
6 46
5 46
6 46
5 46
6 46
5 46
6 46
5 46
6 46
5 46
6 46
5 46
6 46
5 46
6 46
5 46
6 46
5 46
