6 10
7 10
7 11
7 12
7 13
7 14
8 14
8 15
8 16
8 17
8 18
9 18
10 18
10 19
10 18
10 19
10 18
10 19
10 18
10 19
10 18
10 19
10 18
10 19
10 18
10 19
10 18
10 19
10 18
10 19
10 18
10 19
10 18
10 19
10 18
10 19
10 18
10 19
10 18
10 19
10 18
10 19
10 18
10 19
10 20
9 20
8 20
8 21
8 22
8 21
8 22
9 22
10 22
11 22
12 22
12 23
12 24
11 24
12 24
11 24
10 24
10 25
10 24
10 25
10 24
10 25
10 24
10 25
10 24
10 25
10 24
10 25
10 24
10 25
10 24
10 25
10 24
10 25
10 24
10 25
10 24
10 25
10 24
10 25
10 24
10 25
10 24
10 25
10 24
10 25
10 26
9 26
8 26
7 26
6 26
6 27
6 28
6 29
6 30
6 31
6 32
5 32
4 32
4 33
4 34
4 35
5 35
6 35
6 36
6 37
6 38
5 38
4 38
4 39
4 40
5 40
6 40
7 40
7 41
7 42
6 42
6 43
6 44
6 45
6 46
5 46
6 46
5 46
6 46
5 46
6 46
5 46
6 46
5 46
6 46
5 46
6 46
5 46
6 46
5 46
6 46
5 46
6 46
5 46
6 46
5 46
6 46
5 46
6 46
5 46
6 46
5 46
6 46
5 46
6 46
5 46
6 46
5 46
6 46
5 46
6 46
5 46
6 46
5 46
6 46
5 46
6 46
5 46
6 46
5 46
6 46
5 46
6 46
5 46
6 46
5 46
6 46
5 46
6 46
5 46
6 46
5 46
6 46
5 46
6 46
5 46
6 46
5 46
6 46
5 46
6 46
5 46
6 46
5 46
6 46
5 46
6 46
5 46
6 46
5 46
6 46
5 46
6 46
5 46
6 46
5 46
6 46
5 46
6 46
5 46
6 46
5 46
6 46
5 46
6 46
5 46
6 46
5 46
6 46
5 46
6 46
5 46
6 46
5 46
6 46
5 46
6 46
5 46
6 46
5 46
6 46
5 46
6 46
5 46
6 46
5 46
6 46
5 46
6 46
5 46
6 46
5 46
6 46
5 46
6 46
5 46
6 46
5 46
6 46
5 46
6 46
5 46
6 46
5 46
6 46
5 46
6 46
5 46
6 46
5 46
6 46
5 46
6 46
5 46
6 46
5 46
6 46
5 46
6 46
5 46
6 46
5 46
6 46
5 46
6 46
5 46
6 46
5 46
6 46
5 46
6 46
5 46
6 46
5 46
6 46
5 46
6 46
5 46
6 46
5 46
6 46
5 46
6 46
5 46
6 46
5 46
6 46
5 46
6 46
5 46
6 46
5 46
6 46
5 46
6 46
5 46
6 46
5 46
6 46
5 46
6 46
5 46
6 46
5 46
6 46
5 46
6 46
5 46
6 46
5 46
6 46
5 46
6 46
5 46
6 46
5 46
6 46
5 46
6 46
5 46
6 46
5 46
6 46
5 46
6 46
5 46
6 46
5 46
6 46
5 46
6 46
5 46
6 46
5 46
6 46
5 46
6 46
5 46
6 46
5 46
6 46
5 46
6 46
5 46
6 46
5 46
6 46
5 46
6 46
5 46
6 46
5 46
6 46
5 46
6 46
5 46
6 46
5 46
6 46
5 46
6 46
5 46
6 46
5 46
6 46
5 46
6 46
5 46
6 46
5 46
6 46
5 46
6 46
5 46
6 46
5 46
6 46
5 46
6 46
5 46
6 46
5 46
6 46
5 46
6 46
5 46
6 46
5 46
6 46
5 46
6 46
5 46
6 46
5 46
6 46
5 46
6 46
5 46
6 46
5 46
6 46
5 46
6 46
5 46
6 46
5 46
6 46
5 46
6 46
5 46
6 46
5 46
6 46
5 46
6 46
5 46
6 46
5 46
6 46
5 46
6 46
5 46
6 46
5 46
6 46
5 46
6 46
5 46
6 46
5 46
6 46
5 46
6 46
5 46
6 46
5 46
6 46
5 46
6 46
5 46
6 46
5 46
6 46
5 46
6 46
5 46
6 46
5 46
6 46
5 46
6 46
5 46
6 46
5 46
6 46
5 46
6 46
5 46
6 46
5 46
6 46
5 46
6 46
5 46
6 46
5 46
6 46
5 46
6 46
5 46
6 46
5 46
6 46
5 46
6 46
5 46
6 46
5 46
6 46
5 46
6 46
5 46
6 46
5 46
6 46
5 46
6 46
5 46
6 46
5 46
6 46
5 46
6 46
5 46
6 46
5 46
6 46
5 46
6 46
5 46
6 46
5 46
6 46
5 46
6 46
5 46
6 46
5 46
6 46
5 46
6 46
5 46
6 46
5 46
6 46
5 46
6 46
5 46
6 46
5 46
6 46
5 46
6 46
5 46
6 46
5 46
6 46
5 46
6 46
5 46
6 46
5 46
6 46
5 46
6 46
5 46
6 46
5 46
6 46
5 46
6 46
5 46
6 46
5 46
6 46
5 46
6 46
5 46
6 46
5 46
6 46
5 46
6 46
5 46
6 46
5 46
6 46
5 46
6 46
5 46
6 46
5 46
6 46
5 46
6 46
5 46
6 46
5 46
6 46
5 46
6 46
5 46
6 46
5 46
6 46
5 46
6 46
5 46
6 46
5 46
6 46
5 46
6 46
5 46
6 46
5 46
6 46
5 46
6 46
5 46
6 46
5 46
6 46
5 46
6 46
5 46
6 46
5 46
6 46
5 46
6 46
5 46
6 46
5 46
6 46
5 46
6 46
5 46
6 46
5 46
6 46
5 46
6 46
5 46
6 46
5 46
6 46
5 46
6 46
5 46
6 46
5 46
6 46
5 46
6 46
5 46
6 46
5 46
6 46
5 46
6 46
5 46
6 46
5 46
6 46
5 46
6 46
5 46
6 46
5 46
6 46
5 46
6 46
5 46
6 46
5 46
6 46
5 46
6 46
5 46
6 46
5 46
6 46
5 46
6 46
5 46
6 46
5 46
6 46
5 46
6 46
5 46
6 46
5 46
6 46
5 46
6 46
5 46
6 46
5 46
6 46
5 46
6 46
5 46
6 46
5 46
6 46
5 46
6 46
5 46
6 46
5 46
6 46
5 46
6 46
5 46
6 46
5 46
6 46
5 46
6 46
5 46
6 46
5 46
6 46
5 46
6 46
5 46
6 46
5 46
6 46
5 46
6 46
5 46
6 46
5 46
6 46
5 46
6 46
5 46
6 46
5 46
6 46
5 46
6 46
5 46
6 46
5 46
6 46
5 46
6 46
5 46
6 46
5 46
6 46
5 46
6 46
5 46
6 46
5 46
6 46
5 46
6 46
5 46
6 46
5 46
6 46
5 46
6 46
5 46
6 46
5 46
6 46
5 46
6 46
5 46
6 46
5 46
6 46
5 46
6 46
5 46
6 46
5 46
6 46
5 46
6 46
5 46
6 46
5 46
6 46
5 46
6 46
5 46
6 46
5 46
6 46
5 46
6 46
5 46
6 46
5 46
6 46
5 46
6 46
5 46
6 46
5 46
6 46
5 46
6 46
5 46
6 46
5 46
6 46
5 46
6 46
5 46
6 46
5 46
6 46
5 46
6 46
5 46
6 46
5 46
6 46
5 46
6 46
5 46
6 46
5 46
6 46
5 46
6 46
5 46
6 46
5 46
6 46
5 46
6 46
5 46
6 46
5 46
6 46
5 46
6 46
5 46
6 46
5 46
6 46
5 46
6 46
5 46
6 46
5 46
6 46
5 46
6 46
5 46
6 46
5 46
6 46
5 46
6 46
5 46
6 46
5 46
6 46
5 46
6 46
5 46
6 46
5 46
6 46
5 46
6 46
5 46
6 46
5 46
6 46
5 46
6 46
5 46
6 46
5 46
6 46
5 46
6 46
5 46
6 46
5 46
6 46
5 46
6 46
5 46
6 46
5 46
6 46
5 46
6 46
5 46
6 46
5 46
6 46
5 46
6 46
5 46
6 46
5 46
6 46
5 46
6 46
5 46
6 46
5 46
6 46
5 46
6 46
5 46
6 46
5 46
6 46
5 46
6 46
5 46
6 46
5 46
6 46
5 46
6 46
5 46
6 46
5 46
6 46
5 46
6 46
5 46
6 46
5 46
6 46
5 46
6 46
5 46
6 46
5 46
6 46
5 46
6 46
5 46
6 46
5 46
6 46
5 46
6 46
5 46
6 46
5 46
6 46
5 46
6 46
5 46
6 46
5 46
6 46
5 46
6 46
5 46
6 46
5 46
6 46
5 46
6 46
5 46
6 46
5 46
6 46
5 46
6 46
5 46
6 46
5 46
6 46
5 46
6 46
5 46
6 46
5 46
6 46
5 46
6 46
5 46
6 46
5 46
6 46
5 46
6 46
5 46
6 46
5 46
6 46
5 46
6 46
5 46
6 46
5 46
6 46
5 46
6 46
5 46
6 46
5 46
6 46
5 46
6 46
5 46
6 46
5 46
6 46
5 46
6 46
5 46
6 46
5 46
6 46
5 46
6 46
5 46
6 46
5 46
6 46
5 46
6 46
5 46
6 46
5 46
6 46
5 46
6 46
5 46
6 46
5 46
6 46
5 46
6 46
5 46
6 46
5 46
6 46
5 46
6 46
5 46
6 46
5 46
6 46
5 46
6 46
5 46
6 46
5 46
6 46
5 46
6 46
5 46
6 46
5 46
6 46
5 46
6 46
5 46
6 46
5 46
6 46
5 46
6 46
5 46
6 46
5 46
6 46
5 46
6 46
5 46
6 46
5 46
6 46
5 46
6 46
5 46
6 46
5 46
6 46
5 46
6 46
5 46
6 46
5 46
6 46
5 46
6 46
5 46
6 46
5 46
6 46
5 46
6 46
5 46
6 46
5 46
6 46
5 46
6 46
5 46
6 46
5 46
6 46
5 46
6 46
5 46
6 46
5 46
6 46
5 46
6 46
5 46
6 46
5 46
6 46
5 46
6 46
5 46
6 46
5 46
6 46
5 46
6 46
5 46
6 46
5 46
6 46
5 46
6 46
5 46
6 46
5 46
6 46
5 46
6 46
5 46
6 46
5 46
6 46
5 46
6 46
5 46
6 46
5 46
6 46
5 46
6 46
5 46
6 46
5 46
6 46
5 46
6 46
5 46
6 46
5 46
6 46
5 46
6 46
5 46
6 46
5 46
6 46
5 46
6 46
5 46
6 46
5 46
6 46
5 46
6 46
5 46
6 46
5 46
6 46
5 46
6 46
5 46
6 46
5 46
6 46
5 46
6 46
5 46
6 46
5 46
6 46
5 46
6 46
5 46
6 46
5 46
6 46
5 46
6 46
5 46
6 46
5 46
6 46
5 46
6 46
5 46
6 46
5 46
6 46
5 46
6 46
5 46
6 46
5 46
6 46
5 46
6 46
5 46
6 46
5 46
6 46
5 46
6 46
5 46
6 46
5 46
6 46
5 46
6 46
5 46
6 46
5 46
6 46
5 46
6 46
5 46
6 46
5 46
6 46
5 46
6 46
5 46
6 46
5 46
6 46
5 46
6 46
5 46
6 46
5 46
6 46
5 46
6 46
5 46
6 46
5 46
6 46
5 46
6 46
5 46
6 46
5 46
6 46
5 46
6 46
5 46
6 46
5 46
6 46
5 46
6 46
5 46
6 46
5 46
6 46
5 46
6 46
5 46
6 46
5 46
6 46
5 46
6 46
5 46
6 46
5 46
6 46
5 46
6 46
5 46
6 46
5 46
6 46
5 46
6 46
5 46
6 46
5 46
6 46
5 46
6 46
5 46
6 46
5 46
6 46
5 46
6 46
5 46
6 46
5 46
6 46
5 46
6 46
5 46
6 46
5 46
6 46
5 46
6 46
5 46
6 46
5 46
6 46
5 46
6 46
5 46
6 46
5 46
6 46
5 46
6 46
5 46
6 46
5 46
6 46
5 46
6 46
5 46
6 46
5 46
6 46
5 46
6 46
5 46
6 46
5 46
6 46
5 46
6 46
5 46
6 46
5 46
6 46
5 46
6 46
5 46
6 46
5 46
6 46
5 46
6 46
5 46
6 46
5 46
6 46
5 46
6 46
5 46
6 46
5 46
6 46
5 46
6 46
5 46
6 46
5 46
6 46
5 46
6 46
5 46
6 46
5 46
6 46
5 46
6 46
5 46
6 46
5 46
6 46
5 46
6 46
5 46
6 46
5 46
6 46
5 46
6 46
5 46
6 46
5 46
6 46
5 46
6 46
5 46
6 46
5 46
6 46
5 46
6 46
5 46
6 46
5 46
6 46
5 46
6 46
5 46
6 46
5 46
6 46
5 46
6 46
5 46
6 46
5 46
6 46
5 46
6 46
5 46
6 46
5 46
6 46
5 46
6 46
5 46
6 46
5 46
6 46
5 46
6 46
5 46
6 46
5 46
6 46
5 46
6 46
5 46
6 46
5 46
6 46
5 46
6 46
5 46
6 46
5 46
6 46
5 46
6 46
5 46
6 46
5 46
6 46
5 46
6 46
5 46
6 46
5 46
6 46
5 46
6 46
5 46
6 46
5 46
6 46
5 46
6 46
5 46
6 46
5 46
6 46
5 46
6 46
5 46
6 46
5 46
6 46
5 46
6 46
5 46
6 46
5 46
6 46
5 46
6 46
5 46
6 46
5 46
6 46
5 46
6 46
5 46
6 46
5 46
6 46
5 46
6 46
5 46
6 46
5 46
6 46
5 46
6 46
5 46
6 46
5 46
6 46
5 46
6 46
5 46
6 46
5 46
6 46
5 46
6 46
5 46
6 46
5 46
6 46
5 46
6 46
5 46
6 46
5 46
6 46
5 46
6 46
5 46
6 46
5 46
6 46
5 46
6 46
5 46
6 46
5 46
6 46
5 46
6 46
5 46
6 46
5 46
6 46
5 46
6 46
5 46
6 46
5 46
6 46
5 46
6 46
5 46
6 46
5 46
6 46
5 46
6 46
5 46
6 46
5 46
6 46
5 46
6 46
5 46
6 46
5 46
6 46
5 46
6 46
5 46
6 46
5 46
6 46
5 46
6 46
5 46
6 46
5 46
6 46
5 46
6 46
5 46
6 46
5 46
6 46
5 46
6 46
5 46
6 46
5 46
6 46
5 46
6 46
5 46
6 46
5 46
6 46
5 46
6 46
5 46
6 46
5 46
6 46
5 46
6 46
5 46
6 46
5 46
6 46
5 46
6 46
5 46
6 46
5 46
6 46
5 46
6 46
5 46
6 46
5 46
6 46
5 46
6 46
5 46
6 46
5 46
6 46
5 46
6 46
5 46
6 46
5 46
6 46
5 46
6 46
5 46
6 46
5 46
6 46
5 46
6 46
5 46
6 46
5 46
6 46
5 46
6 46
5 46
6 46
5 46
6 46
5 46
6 46
5 46
6 46
5 46
6 46
5 46
6 46
5 46
6 46
5 46
6 46
5 46
6 46
5 46
6 46
5 46
6 46
5 46
6 46
5 46
6 46
5 46
6 46
5 46
6 46
5 46
6 46
5 46
6 46
5 46
6 46
5 46
6 46
5 46
6 46
5 46
6 46
5 46
6 46
5 46
6 46
5 46
6 46
5 46
6 46
5 46
6 46
5 46
6 46
5 46
6 46
5 46
6 46
5 46
6 46
5 46
6 46
5 46
6 46
5 46
6 46
5 46
6 46
5 46
6 46
5 46
6 46
5 46
6 46
5 46
6 46
5 46
6 46
5 46
6 46
5 46
6 46
5 46
6 46
5 46
6 46
5 46
6 46
5 46
6 46
5 46
6 46
5 46
6 46
5 46
6 46
5 46
6 46
5 46
6 46
5 46
6 46
5 46
6 46
5 46
6 46
5 46
6 46
5 46
6 46
5 46
6 46
5 46
6 46
5 46
6 46
5 46
6 46
5 46
6 46
5 46
6 46
5 46
6 46
5 46
6 46
5 46
6 46
5 46
6 46
5 46
6 46
5 46
6 46
5 46
6 46
5 46
6 46
5 46
6 46
5 46
6 46
5 46
6 46
5 46
6 46
5 46
6 46
5 46
6 46
5 46
6 46
5 46
6 46
5 46
6 46
5 46
6 46
5 46
6 46
5 46
6 46
5 46
6 46
5 46
6 46
5 46
6 46
5 46
6 46
5 46
6 46
5 46
6 46
5 46
6 46
5 46
6 46
5 46
6 46
5 46
6 46
5 46
6 46
5 46
6 46
5 46
6 46
5 46
6 46
5 46
6 46
5 46
6 46
5 46
6 46
5 46
6 46
5 46
6 46
5 46
6 46
5 46
6 46
5 46
6 46
5 46
6 46
5 46
6 46
5 46
6 46
5 46
6 46
5 46
6 46
5 46
6 46
5 46
6 46
5 46
6 46
5 46
6 46
5 46
6 46
5 46
6 46
5 46
6 46
5 46
6 46
5 46
6 46
5 46
6 46
5 46
6 46
5 46
6 46
5 46
6 46
5 46
6 46
5 46
6 46
5 46
6 46
5 46
6 46
5 46
6 46
5 46
6 46
5 46
6 46
5 46
6 46
5 46
6 46
5 46
6 46
5 46
6 46
5 46
6 46
5 46
6 46
5 46
6 46
5 46
6 46
5 46
6 46
5 46
6 46
5 46
6 46
5 46
6 46
5 46
6 46
5 46
6 46
5 46
6 46
5 46
6 46
5 46
6 46
5 46
6 46
5 46
6 46
5 46
6 46
5 46
6 46
5 46
6 46
5 46
6 46
5 46
6 46
5 46
6 46
5 46
6 46
5 46
6 46
5 46
6 46
5 46
6 46
5 46
6 46
5 46
6 46
5 46
6 46
5 46
6 46
5 46
6 46
5 46
6 46
5 46
6 46
5 46
6 46
5 46
6 46
5 46
6 46
5 46
6 46
5 46
6 46
5 46
6 46
5 46
6 46
5 46
6 46
5 46
6 46
5 46
6 46
5 46
6 46
5 46
6 46
5 46
6 46
5 46
6 46
5 46
6 46
5 46
6 46
5 46
6 46
5 46
6 46
5 46
6 46
5 46
6 46
5 46
6 46
5 46
6 46
5 46
6 46
5 46
6 46
5 46
6 46
5 46
6 46
5 46
6 46
5 46
6 46
5 46
6 46
5 46
6 46
5 46
6 46
5 46
6 46
5 46
6 46
5 46
6 46
5 46
6 46
5 46
6 46
5 46
6 46
5 46
6 46
5 46
6 46
5 46
6 46
5 46
6 46
5 46
6 46
5 46
6 46
5 46
6 46
5 46
6 46
5 46
6 46
5 46
6 46
5 46
6 46
5 46
6 46
5 46
6 46
5 46
6 46
5 46
6 46
5 46
6 46
5 46
6 46
5 46
6 46
5 46
6 46
5 46
6 46
5 46
6 46
5 46
6 46
5 46
6 46
5 46
6 46
5 46
6 46
5 46
6 46
5 46
6 46
5 46
6 46
5 46
6 46
5 46
6 46
5 46
6 46
5 46
6 46
5 46
6 46
5 46
6 46
5 46
6 46
5 46
6 46
5 46
6 46
5 46
6 46
5 46
6 46
5 46
6 46
5 46
6 46
5 46
6 46
5 46
6 46
5 46
6 46
5 46
6 46
5 46
6 46
5 46
6 46
5 46
6 46
5 46
6 46
5 46
6 46
5 46
6 46
5 46
6 46
5 46
6 46
5 46
6 46
5 46
6 46
5 46
6 46
5 46
6 46
5 46
6 46
5 46
6 46
5 46
6 46
5 46
6 46
5 46
6 46
5 46
6 46
5 46
6 46
5 46
6 46
5 46
6 46
5 46
6 46
5 46
6 46
5 46
6 46
5 46
6 46
5 46
6 46
5 46
6 46
5 46
6 46
5 46
6 46
5 46
6 46
5 46
6 46
5 46
6 46
5 46
6 46
5 46
6 46
5 46
6 46
5 46
6 46
5 46
6 46
5 46
6 46
5 46
6 46
5 46
6 46
5 46
6 46
5 46
6 46
5 46
6 46
5 46
6 46
5 46
6 46
5 46
6 46
5 46
6 46
5 46
6 46
5 46
6 46
5 46
6 46
5 46
6 46
5 46
6 46
5 46
6 46
5 46
6 46
5 46
6 46
5 46
6 46
5 46
6 46
5 46
6 46
5 46
6 46
5 46
6 46
5 46
6 46
5 46
6 46
5 46
6 46
5 46
6 46
5 46
6 46
5 46
6 46
5 46
6 46
5 46
6 46
5 46
6 46
5 46
6 46
5 46
6 46
5 46
6 46
5 46
6 46
5 46
6 46
5 46
6 46
5 46
6 46
5 46
6 46
5 46
6 46
5 46
6 46
5 46
6 46
5 46
6 46
5 46
6 46
5 46
6 46
5 46
6 46
5 46
6 46
5 46
6 46
5 46
6 46
5 46
6 46
5 46
6 46
5 46
6 46
5 46
6 46
5 46
6 46
5 46
6 46
5 46
6 46
5 46
6 46
5 46
6 46
5 46
6 46
5 46
6 46
5 46
6 46
5 46
6 46
5 46
6 46
5 46
6 46
5 46
6 46
5 46
6 46
5 46
6 46
5 46
6 46
5 46
6 46
5 46
6 46
5 46
6 46
5 46
6 46
5 46
6 46
5 46
6 46
5 46
6 46
5 46
6 46
5 46
6 46
5 46
6 46
5 46
6 46
5 46
6 46
5 46
6 46
5 46
6 46
5 46
6 46
5 46
6 46
5 46
6 46
5 46
6 46
5 46
6 46
5 46
6 46
5 46
6 46
5 46
6 46
5 46
6 46
5 46
6 46
5 46
6 46
5 46
6 46
5 46
6 46
5 46
6 46
5 46
6 46
5 46
6 46
5 46
6 46
5 46
6 46
5 46
6 46
5 46
6 46
5 46
6 46
5 46
6 46
5 46
6 46
5 46
6 46
5 46
6 46
5 46
6 46
5 46
6 46
5 46
6 46
5 46
6 46
5 46
6 46
5 46
6 46
5 46
6 46
5 46
6 46
5 46
6 46
5 46
6 46
5 46
6 46
5 46
6 46
5 46
6 46
5 46
6 46
5 46
6 46
5 46
6 46
5 46
6 46
5 46
6 46
5 46
6 46
5 46
6 46
5 46
6 46
5 46
6 46
5 46
6 46
5 46
6 46
5 46
6 46
5 46
6 46
5 46
6 46
5 46
6 46
5 46
6 46
5 46
6 46
5 46
6 46
5 46
6 46
5 46
6 46
5 46
6 46
5 46
6 46
5 46
6 46
5 46
6 46
5 46
6 46
5 46
6 46
5 46
6 46
5 46
6 46
5 46
6 46
5 46
6 46
5 46
6 46
5 46
6 46
5 46
6 46
5 46
6 46
5 46
6 46
5 46
6 46
5 46
6 46
5 46
6 46
5 46
6 46
5 46
6 46
5 46
6 46
5 46
6 46
5 46
6 46
5 46
6 46
5 46
6 46
5 46
6 46
5 46
6 46
5 46
6 46
5 46
6 46
5 46
6 46
5 46
6 46
5 46
6 46
5 46
6 46
5 46
6 46
5 46
6 46
5 46
6 46
5 46
6 46
5 46
6 46
5 46
6 46
5 46
6 46
5 46
6 46
5 46
6 46
5 46
6 46
5 46
6 46
5 46
6 46
5 46
6 46
5 46
6 46
5 46
6 46
5 46
6 46
5 46
6 46
5 46
6 46
5 46
6 46
5 46
6 46
5 46
6 46
5 46
6 46
5 46
6 46
5 46
6 46
5 46
6 46
5 46
6 46
5 46
6 46
5 46
6 46
5 46
6 46
5 46
6 46
5 46
6 46
5 46
6 46
5 46
6 46
5 46
6 46
5 46
6 46
5 46
6 46
5 46
6 46
5 46
6 46
5 46
6 46
5 46
6 46
5 46
6 46
5 46
6 46
5 46
6 46
5 46
6 46
5 46
6 46
5 46
6 46
5 46
6 46
5 46
6 46
5 46
6 46
5 46
6 46
5 46
6 46
5 46
6 46
5 46
6 46
5 46
6 46
5 46
6 46
5 46
6 46
5 46
6 46
5 46
6 46
5 46
6 46
5 46
6 46
5 46
6 46
5 46
6 46
5 46
6 46
5 46
6 46
5 46
6 46
5 46
6 46
5 46
6 46
5 46
6 46
5 46
6 46
5 46
