6 10
7 10
7 11
7 12
7 13
7 14
8 14
8 15
8 16
8 17
8 18
9 18
10 18
10 19
10 18
10 19
10 18
10 19
10 18
10 19
10 18
10 19
10 18
10 19
10 18
10 19
10 18
10 19
10 18
10 19
10 18
10 19
10 18
10 19
10 18
10 19
10 18
10 19
10 18
10 19
10 18
10 19
10 18
10 19
10 18
10 19
10 18
10 19
10 18
10 19
10 18
10 19
10 18
10 19
10 18
10 19
10 18
10 19
10 18
10 19
10 18
10 19
10 18
10 19
10 18
10 19
10 20
10 19
10 18
10 19
10 18
10 19
10 18
10 19
10 18
10 19
10 18
10 19
10 18
10 19
10 18
10 19
10 20
9 20
8 20
8 21
8 22
8 21
8 22
8 21
8 22
8 21
8 22
8 21
8 22
8 21
8 20
8 21
8 20
9 20
10 20
10 19
10 18
10 17
10 16
9 16
8 16
7 16
6 16
5 16
4 16
3 16
2 16
1 16
0 16
