0 0
0 1
0 2
0 3
0 4
0 5
0 6
0 7
0 8
0 9
0 10
0 11
0 12
0 13
0 14
1 14
2 14
2 15
2 16
3 16
4 16
5 16
6 16
6 17
6 18
7 18
8 18
9 18
10 18
10 19
10 18
10 19
10 18
11 18
12 18
12 19
12 20
13 20
14 20
15 20
15 21
16 21
17 21
18 21
18 20
19 20
18 20
18 19
18 18
18 17
18 16
17 16
16 16
15 16
14 16
13 16
12 16
11 16
10 16
9 16
8 16
7 16
6 16
5 16
4 16
3 16
2 16
1 16
0 16
0 17
1 17
1 18
0 18
0 19
0 20
1 20
2 20
2 19
2 18
3 18
4 18
5 18
6 18
6 17
7 17
8 17
8 18
7 18
7 19
7 18
7 17
8 17
8 16
8 15
8 14
7 14
6 14
7 14
7 13
7 12
6 12
