0 0
0 1
0 2
0 3
0 4
0 5
0 6
0 7
0 8
0 9
0 10
0 11
0 12
0 13
0 14
1 14
2 14
2 15
2 16
3 16
4 16
5 16
6 16
6 17
6 18
7 18
8 18
9 18
10 18
10 19
10 18
10 19
10 18
10 19
10 18
10 19
10 18
10 19
10 18
10 19
10 18
10 19
10 18
10 19
10 18
10 19
10 18
10 19
10 18
10 19
10 18
10 19
10 18
10 19
10 18
10 19
10 18
10 19
10 18
10 19
10 18
10 19
10 18
10 19
10 18
10 19
10 20
10 19
10 18
10 19
10 18
10 19
10 18
10 19
10 18
10 19
10 18
10 19
10 18
10 19
10 18
10 19
10 20
9 20
8 20
8 21
8 22
8 21
8 22
8 21
8 22
8 21
8 22
8 21
8 22
8 21
8 20
8 21
8 20
9 20
10 20
10 19
10 18
10 17
10 16
9 16
8 16
7 16
6 16
5 16
4 16
3 16
2 16
1 16
0 16
