1 (12,18) (54,37) 2630.97 101 30455 Fail
2 (12,18) (36,50) 2908.81 47 41278 Success
3 (12,18) (53,30) 2785.55 101 35775 Fail
4 (12,18) (31,50) 2417.07 101 33814 Fail
5 (12,18) (36,32) 474.73 20 6775 Success
6 (12,18) (32,42) 2138.31 41 30688 Success
7 (12,18) (57,40) 3958.45 101 43757 Fail
8 (12,18) (48,51) 9108.2 101 100243 Fail
9 (12,18) (45,46) 10765.7 101 120055 Fail
10 (12,18) (59,59) -1 -1
11 (6,16) (54,37) -1 -1
12 (6,16) (36,50) 7102.57 104 92740 Fail
13 (6,16) (53,30) 4095.08 101 49528 Fail
14 (6,16) (31,50) -1 -1
15 (6,16) (36,32) -1 -1
16 (6,16) (32,42) -1 -1
17 (6,16) (57,40) 8880.83 115 105892 Fail
18 (6,16) (48,51) 17248 113 182731 Fail
19 (6,16) (45,46) -1 -1
20 (6,16) (59,59) -1 -1
21 (1,16) (54,37) -1 -1
22 (1,16) (36,50) -1 -1
23 (1,16) (53,30) 3623.34 42 42451 Success
24 (1,16) (31,50) 5189.12 104 66568 Fail
25 (1,16) (36,32) 1359.36 101 18736 Fail
26 (1,16) (32,42) 4696.44 101 61528 Fail
27 (1,16) (57,40) 7406.78 77 83093 Success
28 (1,16) (48,51) 15100.1 95 157297 Success
29 (1,16) (45,46) -1 -1
30 (1,16) (59,59) -1 -1
31 (2,3) (54,37) -1 -1
32 (2,3) (36,50) -1 -1
33 (2,3) (53,30) -1 -1
34 (2,3) (31,50) -1 -1
35 (2,3) (36,32) 7709.89 101 107978 Fail
36 (2,3) (32,42) -1 -1
37 (2,3) (57,40) -1 -1
38 (2,3) (48,51) -1 -1
39 (2,3) (45,46) -1 -1
40 (2,3) (59,59) -1 -1
41 (6,10) (54,37) -1 -1
42 (6,10) (36,50) 7521.91 104 96017 Fail
43 (6,10) (53,30) 4577.79 101 53944 Fail
44 (6,10) (31,50) -1 -1
45 (6,10) (36,32) -1 -1
46 (6,10) (32,42) -1 -1
47 (6,10) (57,40) 9633.24 115 111005 Fail
48 (6,10) (48,51) 17922.1 113 187112 Fail
49 (6,10) (45,46) -1 -1
50 (6,10) (59,59) -1 -1
51 (2,4) (54,37) -1 -1
52 (2,4) (36,50) -1 -1
53 (2,4) (53,30) -1 -1
54 (2,4) (31,50) -1 -1
55 (2,4) (36,32) 7628.6 87 107856 Success
56 (2,4) (32,42) -1 -1
57 (2,4) (57,40) -1 -1
58 (2,4) (48,51) -1 -1
59 (2,4) (45,46) -1 -1
60 (2,4) (59,59) -1 -1
61 (12,9) (54,37) 3881.65 40 44521 Success
62 (12,9) (36,50) 3818.81 101 48048 Fail
63 (12,9) (53,30) 3522.61 42 43995 Success
64 (12,9) (31,50) 3029.92 42 38604 Success
65 (12,9) (36,32) 976.416 101 12784 Fail
66 (12,9) (32,42) 2971.06 101 38317 Fail
67 (12,9) (57,40) 5769.57 67 61401 Success
68 (12,9) (48,51) 11078.4 62 114456 Success
69 (12,9) (45,46) 12962.4 70 133887 Success
70 (12,9) (59,59) -1 -1
71 (15,12) (54,37) 3388.34 65 38937 Success
72 (15,12) (36,50) 3540.73 101 44717 Fail
73 (15,12) (53,30) 3172.33 42 40584 Success
74 (15,12) (31,50) 2699.59 42 35635 Success
75 (15,12) (36,32) 791.008 101 10369 Fail
76 (15,12) (32,42) 2546.23 101 34291 Fail
77 (15,12) (57,40) 4942.1 67 53660 Success
78 (15,12) (48,51) 10175.6 62 107193 Success
79 (15,12) (45,46) 11978.8 70 127340 Success
80 (15,12) (59,59) -1 -1
81 (11,0) (54,37) 6019.6 43 64209 Success
82 (11,0) (36,50) 5210.46 101 59469 Fail
83 (11,0) (53,30) 4997.41 70 57262 Success
84 (11,0) (31,50) 4305.99 55 50083 Success
85 (11,0) (36,32) 1737.98 101 20537 Fail
86 (11,0) (32,42) 4407.1 101 51829 Fail
87 (11,0) (57,40) 8332.26 48 83845 Success
88 (11,0) (48,51) 14495.8 62 138593 Success
89 (11,0) (45,46) 16200.9 70 156427 Success
90 (11,0) (59,59) -1 -1
91 (0,0) (54,37) -1 -1
92 (0,0) (36,50) 9596.19 104 116513 Fail
93 (0,0) (53,30) 6669.99 101 71816 Fail
94 (0,0) (31,50) -1 -1
95 (0,0) (36,32) -1 -1
96 (0,0) (32,42) -1 -1
97 (0,0) (57,40) 12675.4 115 133667 Fail
98 (0,0) (48,51) 21521.7 113 211196 Fail
99 (0,0) (45,46) -1 -1
100 (0,0) (59,59) -1 -1
