30 42
30 41
30 40
31 40
32 40
33 40
34 40
34 39
34 38
33 38
32 38
31 38
30 38
29 38
28 38
28 39
28 40
27 40
26 40
26 41
26 42
26 43
25 43
25 44
24 44
23 44
22 44
21 44
20 44
19 44
18 44
18 43
17 43
16 43
16 42
15 42
14 42
13 42
12 42
11 42
10 42
9 42
8 42
7 42
6 42
6 43
6 44
7 44
8 44
9 44
10 44
11 44
12 44
12 43
13 43
12 43
12 42
12 41
11 41
11 40
10 40
9 40
8 40
7 40
6 40
5 40
4 40
4 39
4 38
3 38
2 38
2 39
2 40
1 40
0 40
0 39
0 38
0 37
0 36
0 35
0 34
0 33
0 32
0 31
0 30
0 29
0 28
0 27
0 26
0 25
0 24
0 23
0 22
0 21
0 20
0 19
0 18
0 17
0 16
1 16
2 16
2 15
2 14
1 14
0 14
0 13
0 12
0 11
0 10
0 9
0 8
0 7
0 6
0 5
0 4
0 3
0 2
0 1
0 2
1 2
2 2
2 1
2 0
1 0
2 0
3 0
4 0
5 0
6 0
7 0
8 0
9 0
10 0
11 0
12 0
13 0
14 0
15 0
16 0
17 0
18 0
19 0
20 0
21 0
22 0
22 1
23 1
24 1
24 0
25 0
26 0
27 0
28 0
29 0
30 0
31 0
32 0
31 0
31 1
31 0
31 1
31 0
30 0
31 0
32 0
31 0
31 1
31 0
31 1
31 0
32 0
31 0
31 1
31 0
31 1
31 0
32 0
31 0
32 0
31 0
31 1
31 0
32 0
31 0
31 1
31 0
31 1
31 0
32 0
31 0
30 0
29 0
29 1
28 1
28 2
28 3
27 3
26 3
26 2
25 2
