31 36
30 36
30 35
29 35
28 35
27 35
27 34
26 34
25 34
24 34
23 34
22 34
21 34
20 34
19 34
18 34
17 34
16 34
16 33
16 32
15 32
14 32
13 32
12 32
11 32
10 32
10 31
10 30
9 30
8 30
8 31
8 32
7 32
6 32
5 32
4 32
4 33
4 34
5 34
6 34
7 34
7 33
7 34
8 34
9 34
10 34
10 33
10 32
10 33
10 34
10 33
10 34
9 34
8 34
8 35
8 36
7 36
6 36
6 35
5 35
4 35
4 36
3 36
2 36
1 36
0 36
0 35
0 34
0 33
0 32
0 31
0 30
0 29
0 28
0 27
0 26
0 25
0 24
0 23
0 22
0 21
0 20
0 19
0 18
0 17
0 16
1 16
2 16
2 15
2 14
1 14
0 14
0 13
0 12
0 11
0 10
0 9
0 8
0 7
0 6
0 5
0 4
0 3
0 2
0 1
0 0
1 0
2 0
3 0
4 0
5 0
6 0
7 0
8 0
9 0
10 0
11 0
12 0
13 0
14 0
15 0
16 0
17 0
18 0
19 0
20 0
21 0
22 0
22 1
23 1
24 1
24 0
25 0
26 0
27 0
28 0
29 0
30 0
31 0
32 0
31 0
31 1
31 0
31 1
31 0
31 1
31 0
32 0
31 0
31 1
31 0
32 0
31 0
32 0
31 0
31 1
31 0
32 0
31 0
30 0
29 0
29 1
28 1
28 2
28 3
27 3
26 3
26 2
25 2
24 2
23 2
22 2
22 1
22 0
22 1
22 2
22 1
22 0
22 1
23 1
23 2
23 3
23 4
22 4
21 4
20 4
19 4
18 4
18 3
18 2
17 2
16 2
16 1
15 1
14 1
14 2
14 1
15 1
14 1
15 1
