44 36
43 36
42 36
41 36
40 36
39 36
38 36
37 36
36 36
35 36
34 36
34 35
34 34
33 34
32 34
32 33
32 32
32 31
31 31
30 31
29 31
29 30
28 30
27 30
26 30
25 30
24 30
23 30
22 30
21 30
20 30
19 30
18 30
18 29
17 29
16 29
15 29
14 29
14 28
14 27
14 26
13 26
12 26
12 27
11 27
12 27
12 28
12 27
12 26
12 27
11 27
12 27
11 27
12 27
11 27
12 27
11 27
12 27
11 27
12 27
12 26
13 26
14 26
15 26
16 26
16 25
16 24
15 24
14 24
13 24
12 24
11 24
10 24
9 24
8 24
7 24
6 24
5 24
4 24
3 24
2 24
1 24
0 24
0 23
0 22
0 21
0 20
0 19
0 18
0 17
0 16
1 16
2 16
2 15
2 14
1 14
0 14
0 13
0 12
0 11
0 10
0 9
0 8
0 7
0 6
0 5
0 4
0 3
0 2
0 1
0 0
1 0
2 0
3 0
4 0
5 0
6 0
7 0
8 0
9 0
10 0
11 0
12 0
13 0
14 0
15 0
16 0
17 0
18 0
19 0
20 0
21 0
22 0
22 1
23 1
24 1
24 0
25 0
26 0
27 0
28 0
29 0
30 0
31 0
32 0
31 0
31 1
31 0
30 0
29 0
29 1
28 1
28 2
28 3
27 3
26 3
26 2
25 2
24 2
23 2
22 2
22 1
22 2
23 2
23 3
23 4
22 4
21 4
20 4
19 4
18 4
18 3
18 2
17 2
16 2
16 1
15 1
14 1
14 2
14 1
15 1
16 1
17 1
16 1
17 1
17 2
16 2
16 3
16 4
15 4
14 4
14 5
14 6
15 6
16 6
17 6
17 5
18 5
18 6
19 6
