59 33
58 33
58 32
57 32
56 32
56 33
56 34
55 34
54 34
53 34
52 34
52 33
51 33
50 33
50 32
50 31
50 30
49 30
48 30
48 29
48 28
48 27
48 26
47 26
46 26
45 26
44 26
43 26
42 26
42 25
41 25
40 25
39 25
38 25
38 24
37 24
36 24
36 23
36 22
35 22
34 22
33 22
32 22
32 21
32 20
31 20
30 20
29 20
28 20
27 20
26 20
25 20
24 20
23 20
22 20
21 20
20 20
19 20
18 20
18 19
18 18
18 17
18 16
17 16
16 16
15 16
14 16
13 16
12 16
11 16
10 16
9 16
8 16
7 16
6 16
5 16
4 16
3 16
2 16
1 16
0 16
0 17
1 17
1 18
0 18
0 19
0 20
1 20
2 20
2 19
2 18
3 18
4 18
5 18
6 18
6 17
7 17
8 17
8 18
7 18
7 19
7 18
7 19
7 18
6 18
5 18
4 18
5 18
4 18
3 18
3 19
3 18
2 18
2 19
3 19
3 18
2 18
1 18
0 18
1 18
0 18
1 18
0 18
0 19
0 18
1 18
1 17
1 16
2 16
2 15
2 14
1 14
0 14
0 13
0 12
0 11
0 10
0 9
0 8
0 7
0 6
0 5
0 4
0 3
0 2
0 1
0 0
1 0
2 0
3 0
4 0
5 0
6 0
7 0
8 0
9 0
10 0
11 0
12 0
13 0
14 0
15 0
16 0
17 0
18 0
19 0
20 0
21 0
22 0
22 1
23 1
24 1
24 0
25 0
26 0
27 0
28 0
29 0
30 0
31 0
32 0
31 0
31 1
31 0
31 1
31 0
31 1
31 0
32 0
31 0
31 1
31 0
31 1
31 0
32 0
31 0
31 1
31 0
32 0
31 0
