1 (2,1) (7,13) 0.010476 9
2 (2,1) (17,16) 0.0778193 36
3 (2,1) (16,19) 0.0478989 17
4 (2,1) (17,15) 0.0479013 17
5 (2,1) (18,7) 0.0189821 13
6 (2,1) (14,14) 0.0289502 15
7 (2,1) (10,17) 0.0279539 29
8 (2,1) (19,19) 0.042914 18
9 (3,2) (7,13) 0.0080076 8
10 (3,2) (17,16) 0.0678474 41
11 (3,2) (16,19) 0.0409183 16
12 (3,2) (17,15) 0.0468745 33
13 (3,2) (18,7) 0.0149882 12
14 (3,2) (14,14) 0.0269283 14
15 (3,2) (10,17) 0.0239358 24
16 (3,2) (19,19) 0.036929 17
17 (1,3) (7,13) 0.0090052 9
18 (1,3) (17,16) 0.065851 18
19 (1,3) (16,19) 0.0439107 16
20 (1,3) (17,15) 0.0438842 17
21 (1,3) (18,7) 0.0199452 14
22 (1,3) (14,14) 0.0259298 15
23 (1,3) (10,17) 0.0249609 24
24 (1,3) (19,19) 0.0369373 18
25 (3,4) (7,13) 0.0059842 7
26 (3,4) (17,16) 0.0580955 36
27 (3,4) (16,19) 0.0339371 15
28 (3,4) (17,15) 0.0329115 17
29 (3,4) (18,7) 0.0179788 13
30 (3,4) (14,14) 0.0189774 13
31 (3,4) (10,17) 0.0169533 11
32 (3,4) (19,19) 0.0294841 16
33 (4,1) (7,13) 0.0080053 9
34 (4,1) (17,16) 0.0718062 41
35 (4,1) (16,19) 0.0548527 37
36 (4,1) (17,15) 0.0518606 33
37 (4,1) (18,7) 0.0169543 12
38 (4,1) (14,14) 0.0419194 34
39 (4,1) (10,17) 0.0354262 29
40 (4,1) (19,19) 0.0339369 19
41 (4,0) (7,13) 0.011992 15
42 (4,0) (17,16) 0.0648497 20
43 (4,0) (16,19) 0.0465551 32
44 (4,0) (17,15) 0.0508643 38
45 (4,0) (18,7) 0.0182534 12
46 (4,0) (14,14) 0.0469016 50
47 (4,0) (10,17) 0.0408897 29
48 (4,0) (19,19) 0.0399201 35
49 (3,3) (7,13) 0.0059838 8
50 (3,3) (17,16) 0.0628615 36
51 (3,3) (16,19) 0.0376468 15
52 (3,3) (17,15) 0.0418869 33
53 (3,3) (18,7) 0.0129654 11
54 (3,3) (14,14) 0.0219417 14
55 (3,3) (10,17) 0.0179516 11
56 (3,3) (19,19) 0.0329426 17
57 (0,0) (7,13) 0.0129939 11
58 (0,0) (17,16) 0.0867971 20
59 (0,0) (16,19) 0.0518889 18
60 (0,0) (17,15) 0.053883 19
61 (0,0) (18,7) 0.0239595 15
62 (0,0) (14,14) 0.0359338 29
63 (0,0) (10,17) 0.0289217 15
64 (0,0) (19,19) 0.042914 20
