12 18
12 19
12 20
12 21
12 22
12 23
12 24
13 24
14 24
15 24
16 24
16 25
16 26
16 27
16 28
16 29
16 30
16 31
16 32
16 33
16 34
17 34
18 34
19 34
19 35
20 35
20 36
21 36
22 36
22 37
22 38
22 39
22 40
23 40
24 40
24 41
24 42
23 42
23 43
23 44
24 44
25 44
25 43
26 43
27 43
28 43
28 44
29 44
30 44
31 44
32 44
33 44
34 44
34 43
34 42
34 41
34 40
34 39
34 38
34 37
34 36
34 35
34 34
33 34
33 33
33 32
32 32
32 31
31 31
30 31
30 30
29 30
28 30
27 30
26 30
25 30
24 30
23 30
22 30
21 30
21 29
20 29
19 29
18 29
17 29
16 29
16 28
16 27
16 26
15 26
14 26
13 26
12 26
