1 (12,18) (54,37) 764.957 37 7081 Success
2 (12,18) (36,50) 729.078 38 6735 Success
3 (12,18) (53,30) 450.822 33 4256 Success
4 (12,18) (31,50) 775.955 35 7798 Success
5 (12,18) (36,32) 151.562 20 1409 Success
6 (12,18) (32,42) 815.813 62 7998 Success
7 (12,18) (57,40) 1003.32 41 8667 Success
8 (12,18) (48,51) 3214.4 48 27937 Success
9 (12,18) (45,46) 4077.66 93 35983 Success
10 (12,18) (59,59) 4199.8 109 32498 Fail
11 (6,16) (54,37) 1188.82 39 10596 Success
12 (6,16) (36,50) 1224.75 64 10333 Success
13 (6,16) (53,30) 638.293 37 5980 Success
14 (6,16) (31,50) 1373.33 68 12304 Success
15 (6,16) (36,32) 240.356 24 2354 Success
16 (6,16) (32,42) 1245.67 53 12444 Success
17 (6,16) (57,40) 1673.52 70 13345 Success
18 (6,16) (48,51) 4924.83 86 38635 Success
19 (6,16) (45,46) 5758.19 56 48064 Success
20 (6,16) (59,59) 5784.09 111 42651 Fail
21 (1,16) (54,37) 1220.93 42 11717 Success
22 (1,16) (36,50) 1543.87 102 13763 Fail
23 (1,16) (53,30) 539.557 38 5145 Success
24 (1,16) (31,50) 1713.42 57 16980 Success
25 (1,16) (36,32) 271.273 34 2638 Success
26 (1,16) (32,42) 1415.19 62 15076 Success
27 (1,16) (57,40) 1549.86 47 13571 Success
28 (1,16) (48,51) 5194.64 56 43711 Success
29 (1,16) (45,46) 6525.21 93 56459 Success
30 (1,16) (59,59) 5715.2 99 45551 Success
31 (2,3) (54,37) 2883.32 48 24698 Success
32 (2,3) (36,50) 2980.06 62 27414 Success
33 (2,3) (53,30) 1567.33 43 14013 Success
34 (2,3) (31,50) 3439.83 68 32466 Success
35 (2,3) (36,32) 702.149 43 7028 Success
36 (2,3) (32,42) 2967.27 62 30340 Success
37 (2,3) (57,40) 3483.74 51 27656 Success
38 (2,3) (48,51) 9482.17 63 73479 Success
39 (2,3) (45,46) 11775.1 95 94372 Success
40 (2,3) (59,59) 9764.08 112 73966 Fail
41 (6,10) (54,37) 1773.29 42 14547 Success
42 (6,10) (36,50) 1661.6 59 13677 Success
43 (6,10) (53,30) 887.628 38 7630 Success
44 (6,10) (31,50) 1920.89 60 16317 Success
45 (6,10) (36,32) 391.98 34 3394 Success
46 (6,10) (32,42) 1811.18 65 16388 Success
47 (6,10) (57,40) 2186.21 47 16470 Success
48 (6,10) (48,51) 6469.73 56 47190 Success
49 (6,10) (45,46) 8031.78 93 60264 Success
50 (6,10) (59,59) 6852.26 101 47596 Fail
51 (2,4) (54,37) 2753.66 47 23650 Success
52 (2,4) (36,50) 2859.35 62 26151 Success
53 (2,4) (53,30) 1464.11 42 13181 Success
54 (2,4) (31,50) 3279.26 68 30973 Success
55 (2,4) (36,32) 668.213 43 6633 Success
56 (2,4) (32,42) 2845.39 62 28974 Success
57 (2,4) (57,40) 3332.11 50 26606 Success
58 (2,4) (48,51) 9180.6 62 71319 Success
59 (2,4) (45,46) 11375.3 93 91653 Success
60 (2,4) (59,59) 9429.42 111 71576 Fail
61 (12,9) (54,37) 1519.54 40 12443 Success
62 (12,9) (36,50) 1311.52 67 10443 Success
63 (12,9) (53,30) 799.889 35 6856 Success
64 (12,9) (31,50) 1319.49 54 11392 Success
65 (12,9) (36,32) 293.248 24 2690 Success
66 (12,9) (32,42) 1365.38 53 12787 Success
67 (12,9) (57,40) 2043.49 70 14718 Success
68 (12,9) (48,51) 5515.28 88 40692 Success
69 (12,9) (45,46) 6504.56 91 50433 Success
70 (12,9) (59,59) 6469.23 112 44513 Fail
71 (15,12) (54,37) 1166.91 38 10151 Success
72 (15,12) (36,50) 946.467 40 8279 Success
73 (15,12) (53,30) 625.356 33 5610 Success
74 (15,12) (31,50) 1160.89 68 10171 Success
75 (15,12) (36,32) 234.373 22 2168 Success
76 (15,12) (32,42) 1100.09 62 10360 Success
77 (15,12) (57,40) 1628.71 70 12482 Success
78 (15,12) (48,51) 4453.09 85 34785 Success
79 (15,12) (45,46) 5253.95 91 43249 Success
80 (15,12) (59,59) 5056.5 108 37603 Fail
81 (11,0) (54,37) 2216.07 43 19039 Success
82 (11,0) (36,50) 1793.23 67 15298 Success
83 (11,0) (53,30) 1213.75 38 10911 Success
84 (11,0) (31,50) 1867.01 55 16680 Success
85 (11,0) (36,32) 464.786 36 4424 Success
86 (11,0) (32,42) 1890.94 54 18403 Success
87 (11,0) (57,40) 2710.78 48 21098 Success
88 (11,0) (48,51) 7462.58 85 55528 Success
89 (11,0) (45,46) 9200.53 99 71242 Success
90 (11,0) (59,59) 7408.69 102 54148 Fail
91 (0,0) (54,37) 2719.73 48 24957 Success
92 (0,0) (36,50) 2855.38 64 28045 Success
93 (0,0) (53,30) 1435.16 43 14237 Success
94 (0,0) (31,50) 3319.21 68 33226 Success
95 (0,0) (36,32) 622.368 44 6772 Success
96 (0,0) (32,42) 2872.35 65 31017 Success
97 (0,0) (57,40) 3266.26 51 27976 Success
98 (0,0) (48,51) 9219.91 63 74657 Success
99 (0,0) (45,46) 11578.6 95 96592 Success
100 (0,0) (59,59) 9310.49 105 73643 Fail
