1 (2,1) (7,13) 0.0508848 61
2 (2,1) (17,16) 0.261334 36
3 (2,1) (16,19) 0.18164 17
4 (2,1) (17,15) 0.203484 61
5 (2,1) (18,7) 0.0867956 13
6 (2,1) (14,14) 0.150624 61
7 (2,1) (10,17) 0.0912905 29
8 (2,1) (19,19) 0.23839 61
9 (3,2) (7,13) 0.0429092 61
10 (3,2) (17,16) 0.229387 41
11 (3,2) (16,19) 0.155281 16
12 (3,2) (17,15) 0.179547 61
13 (3,2) (18,7) 0.0678217 12
14 (3,2) (14,14) 0.125205 61
15 (3,2) (10,17) 0.0698408 24
16 (3,2) (19,19) 0.201462 61
17 (1,3) (7,13) 0.0289687 9
18 (1,3) (17,16) 0.264293 61
19 (1,3) (16,19) 0.17456 61
20 (1,3) (17,15) 0.215958 17
21 (1,3) (18,7) 0.124171 61
22 (1,3) (14,14) 0.141621 15
23 (1,3) (10,17) 0.0927799 61
24 (1,3) (19,19) 0.195204 18
25 (3,4) (7,13) 0.0369005 61
26 (3,4) (17,16) 0.180516 36
27 (3,4) (16,19) 0.126662 15
28 (3,4) (17,15) 0.139623 61
29 (3,4) (18,7) 0.0838034 13
30 (3,4) (14,14) 0.102756 61
31 (3,4) (10,17) 0.051892 11
32 (3,4) (19,19) 0.170571 61
33 (4,1) (7,13) 0.0478996 61
34 (4,1) (17,16) 0.242413 41
35 (4,1) (16,19) 0.172244 37
36 (4,1) (17,15) 0.180023 61
37 (4,1) (18,7) 0.0688434 12
38 (4,1) (14,14) 0.147637 61
39 (4,1) (10,17) 0.107742 29
40 (4,1) (19,19) 0.207473 61
41 (4,0) (7,13) 0.037926 15
42 (4,0) (17,16) 0.253352 61
43 (4,0) (16,19) 0.196503 61
44 (4,0) (17,15) 0.190394 38
45 (4,0) (18,7) 0.0953109 61
46 (4,0) (14,14) 0.163155 50
47 (4,0) (10,17) 0.135646 61
48 (4,0) (19,19) 0.217449 35
49 (3,3) (7,13) 0.0219697 8
50 (3,3) (17,16) 0.211468 61
51 (3,3) (16,19) 0.153617 61
52 (3,3) (17,15) 0.148194 33
53 (3,3) (18,7) 0.0778205 61
54 (3,3) (14,14) 0.0987942 14
55 (3,3) (10,17) 0.0748277 61
56 (3,3) (19,19) 0.172566 17
57 (0,0) (7,13) 0.0459054 11
58 (0,0) (17,16) 0.356047 61
59 (0,0) (16,19) 0.229959 61
60 (0,0) (17,15) 0.279281 19
61 (0,0) (18,7) 0.15661 61
62 (0,0) (14,14) 0.209073 29
63 (0,0) (10,17) 0.119983 61
64 (0,0) (19,19) 0.260894 20
