2 10
3 10
3 11
3 12
4 12
5 12
6 12
7 12
7 13
7 14
8 14
8 15
8 16
8 17
8 18
9 18
10 18
11 18
12 18
12 19
12 20
12 21
12 22
12 23
12 24
13 24
14 24
15 24
16 24
16 25
16 26
16 27
16 28
16 29
16 30
16 31
16 32
16 33
16 34
17 34
18 34
19 34
19 35
20 35
20 36
21 36
22 36
23 36
24 36
25 36
26 36
27 36
27 35
28 35
29 35
30 35
30 36
31 36
31 37
31 38
32 38
33 38
34 38
34 37
34 36
34 35
34 34
33 34
33 33
33 32
32 32
32 31
31 31
30 31
30 30
29 30
28 30
27 30
26 30
25 30
24 30
23 30
22 30
21 30
21 29
20 29
19 29
18 29
17 29
16 29
16 28
16 27
16 26
15 26
14 26
13 26
12 26
