0 0
0 1
0 2
0 3
0 4
0 5
0 6
0 7
0 8
0 9
0 10
0 11
0 12
0 13
0 14
1 14
2 14
2 15
2 16
3 16
4 16
5 16
6 16
6 17
6 18
7 18
8 18
9 18
10 18
11 18
12 18
12 19
12 20
12 21
12 22
12 23
12 24
13 24
14 24
15 24
16 24
16 25
16 26
16 27
16 28
16 29
16 30
16 31
16 32
16 33
16 34
17 34
18 34
19 34
19 35
20 35
20 36
21 36
22 36
23 36
24 36
25 36
26 36
27 36
27 35
27 34
27 33
28 33
29 33
30 33
30 32
30 31
30 30
29 30
28 30
27 30
26 30
25 30
24 30
23 30
22 30
21 30
20 30
20 29
19 29
18 29
17 29
16 29
16 28
16 27
16 26
15 26
14 26
13 26
12 26
