0 0
0 1
0 2
0 3
0 4
0 5
0 6
0 7
0 8
0 9
0 10
0 11
0 12
0 13
0 14
1 14
2 14
2 15
2 16
3 16
4 16
5 16
6 16
6 17
6 18
7 18
8 18
9 18
10 18
11 18
12 18
12 19
12 20
12 21
12 22
12 23
12 24
13 24
14 24
15 24
16 24
16 25
16 26
16 27
16 28
16 29
16 30
16 31
16 32
16 33
16 34
17 34
18 34
19 34
19 35
20 35
20 36
20 37
20 38
19 38
18 38
18 39
18 40
18 41
18 42
18 43
18 44
18 45
18 46
18 47
18 48
18 49
18 50
17 50
16 50
15 50
14 50
13 50
12 50
12 51
12 52
11 52
10 52
10 53
9 53
8 53
7 53
6 53
6 52
6 51
6 50
6 49
6 48
5 48
4 48
3 48
2 48
2 47
2 46
2 45
2 44
2 43
2 42
1 42
0 42
0 41
0 40
0 39
0 38
