1 (5,8) (30,35) 720.074 91 5708 Success
2 (5,8) (53,56) 9020.9 97 59864 Success
3 (5,8) (39,52) 1824.15 62 13697 Success
4 (5,8) (49,34) 1357.41 38 11743 Success
5 (5,8) (35,42) 2030.6 103 17188 Fail
6 (5,8) (42,41) 1673.52 36 14308 Success
7 (5,8) (38,44) 2230.2 61 18905 Success
8 (5,8) (54,46) 2876.9 46 20531 Success
9 (5,8) (44,58) 8747.69 106 59735 Fail
10 (5,8) (59,59) 7411.18 102 51912 Fail
11 (8,14) (30,35) 302.222 40 2483 Success
12 (8,14) (53,56) 6347.61 98 45864 Success
13 (8,14) (39,52) 1111.05 43 8746 Success
14 (8,14) (49,34) 819.836 35 7675 Success
15 (8,14) (35,42) 1305.54 102 11297 Fail
16 (8,14) (42,41) 1007.31 31 9458 Success
17 (8,14) (38,44) 1416.21 67 12389 Success
18 (8,14) (54,46) 1994.69 70 14834 Success
19 (8,14) (44,58) 6530.53 109 47603 Fail
20 (8,14) (59,59) 5895.26 111 42727 Fail
21 (5,16) (30,35) 291.248 39 2403 Success
22 (5,16) (53,56) 6242.33 95 45766 Success
23 (5,16) (39,52) 1226.75 67 9341 Success
24 (5,16) (49,34) 800.858 34 7703 Success
25 (5,16) (35,42) 1328.45 103 11940 Fail
26 (5,16) (42,41) 1012.32 32 9819 Success
27 (5,16) (38,44) 1445.13 67 13032 Success
28 (5,16) (54,46) 1974.75 70 15407 Success
29 (5,16) (44,58) 6601.38 110 49402 Fail
30 (5,16) (59,59) 5951.11 112 44370 Fail
31 (13,12) (30,35) 252.354 39 1937 Success
32 (13,12) (53,56) 5759.15 98 40817 Success
33 (13,12) (39,52) 902.73 42 7294 Success
34 (13,12) (49,34) 770.967 34 7142 Success
35 (13,12) (35,42) 992.376 62 8989 Success
36 (13,12) (42,41) 892.64 30 8257 Success
37 (13,12) (38,44) 1214.78 61 10633 Success
38 (13,12) (54,46) 1853.23 70 13530 Success
39 (13,12) (44,58) 5564.21 106 41792 Fail
40 (13,12) (59,59) 5084.4 108 37644 Fail
41 (14,14) (30,35) 324.133 84 1961 Success
42 (14,14) (53,56) 4866.64 95 36121 Success
43 (14,14) (39,52) 819.397 40 6523 Success
44 (14,14) (49,34) 629.316 32 5983 Success
45 (14,14) (35,42) 832.483 62 7621 Success
46 (14,14) (42,41) 752.491 30 7061 Success
47 (14,14) (38,44) 1064.18 75 9147 Success
48 (14,14) (54,46) 1565.84 68 11702 Success
49 (14,14) (44,58) 4794.18 103 37188 Fail
50 (14,14) (59,59) 4322.94 105 33243 Fail
51 (12,2) (30,35) 599.396 90 4785 Success
52 (12,2) (53,56) 8636.9 95 57970 Success
53 (12,2) (39,52) 1669.56 72 11901 Success
54 (12,2) (49,34) 1386.32 37 12139 Success
55 (12,2) (35,42) 1811.18 102 15931 Fail
56 (12,2) (42,41) 1613.68 35 13892 Success
57 (12,2) (38,44) 2032.13 61 17527 Success
58 (12,2) (54,46) 2894.28 48 20496 Success
59 (12,2) (44,58) 7966.77 105 56616 Fail
60 (12,2) (59,59) 7093.03 101 50107 Fail
61 (2,10) (30,35) 720.103 91 6162 Success
62 (2,10) (53,56) 8883.27 97 61819 Success
63 (2,10) (39,52) 1881 62 14478 Success
64 (2,10) (49,34) 1313.52 38 11992 Success
65 (2,10) (35,42) 2015.64 104 17968 Fail
66 (2,10) (42,41) 1635.62 36 14855 Success
67 (2,10) (38,44) 2325.82 63 20119 Success
68 (2,10) (54,46) 2813.5 47 21248 Success
69 (2,10) (44,58) 8646.06 107 61785 Fail
70 (2,10) (59,59) 7327.46 101 53207 Fail
71 (0,2) (30,35) 696.165 84 7080 Success
72 (0,2) (53,56) 10956.7 69 81609 Success
73 (0,2) (39,52) 2652.93 63 22658 Success
74 (0,2) (49,34) 1764.31 43 17037 Success
75 (0,2) (35,42) 2480.4 61 25917 Success
76 (0,2) (42,41) 2213.59 49 21160 Success
77 (0,2) (38,44) 2947.15 63 28172 Success
78 (0,2) (54,46) 3718.26 50 29465 Success
79 (0,2) (44,58) 10159 107 78734 Fail
80 (0,2) (59,59) 9167.51 111 71614 Fail
81 (7,6) (30,35) 579.478 42 5077 Success
82 (7,6) (53,56) 10526.5 99 68609 Success
83 (7,6) (39,52) 2384.61 65 17398 Success
84 (7,6) (49,34) 1710.43 40 14208 Success
85 (7,6) (35,42) 2296.88 57 19838 Success
86 (7,6) (42,41) 2085.45 38 17183 Success
87 (7,6) (38,44) 2751.64 67 22475 Success
88 (7,6) (54,46) 3545.54 48 24418 Success
89 (7,6) (44,58) 10044 110 67991 Fail
90 (7,6) (59,59) 8434.97 104 57868 Fail
91 (0,0) (30,35) 762.988 93 8194 Success
92 (0,0) (53,56) 11555.4 95 86050 Success
93 (0,0) (39,52) 2803.01 64 24746 Success
94 (0,0) (49,34) 1857.07 53 18388 Success
95 (0,0) (35,42) 2643.96 62 28096 Success
96 (0,0) (42,41) 2308.83 49 22517 Success
97 (0,0) (38,44) 3068.82 64 30119 Success
98 (0,0) (54,46) 3867.68 51 31383 Success
99 (0,0) (44,58) 10564.8 109 82941 Fail
100 (0,0) (59,59) 9261.92 105 73643 Fail
