8 14
8 15
8 16
8 17
8 18
9 18
10 18
11 18
12 18
12 19
12 20
12 21
12 22
12 23
12 24
13 24
14 24
15 24
16 24
16 25
16 26
16 27
16 28
16 29
16 30
16 31
16 32
16 33
16 34
16 35
16 34
17 34
18 34
19 34
19 35
20 35
20 36
21 36
22 36
22 37
22 38
22 39
23 39
23 40
24 40
24 41
24 42
23 42
23 43
23 44
24 44
25 44
25 43
26 43
26 42
26 41
26 40
27 40
28 40
28 39
28 38
29 38
30 38
31 38
31 37
31 36
30 36
30 35
30 34
30 33
30 32
30 31
30 30
29 30
28 30
27 30
26 30
25 30
24 30
23 30
22 30
21 30
20 30
20 29
19 29
18 29
17 29
16 29
16 28
16 27
16 26
15 26
14 26
13 26
12 26
