8 14
8 15
8 16
8 17
8 18
9 18
10 18
11 18
12 18
12 19
12 20
12 21
12 22
12 23
12 24
13 24
14 24
15 24
16 24
16 25
16 26
16 27
16 28
16 29
16 30
16 31
16 32
16 33
16 34
16 35
16 34
17 34
18 34
19 34
19 35
20 35
20 36
21 36
22 36
22 37
22 38
22 39
22 40
23 40
24 40
24 41
24 42
23 42
23 43
23 44
24 44
25 44
26 44
26 45
26 46
27 46
27 47
27 48
26 48
26 49
26 50
26 51
26 52
26 53
26 54
27 54
28 54
29 54
29 55
29 56
29 57
29 58
28 58
27 58
26 58
26 57
26 56
25 56
24 56
23 56
22 56
21 56
20 56
19 56
18 56
18 55
18 54
17 54
16 54
15 54
14 54
13 54
12 54
11 54
10 54
10 53
9 53
8 53
7 53
6 53
6 52
6 51
6 50
