13 12
14 12
14 13
14 14
14 15
14 16
15 16
15 17
15 18
16 18
16 19
16 20
16 21
16 22
16 23
16 24
16 25
16 26
16 27
16 28
16 29
16 30
16 31
16 32
16 33
16 34
16 35
16 34
17 34
18 34
19 34
19 35
20 35
20 36
21 36
22 36
22 37
22 38
22 39
22 40
23 40
24 40
24 41
24 42
23 42
23 43
23 44
24 44
25 44
26 44
26 45
26 46
27 46
27 47
27 48
26 48
26 49
26 50
26 51
26 52
26 53
26 54
25 54
25 55
25 56
24 56
23 56
22 56
21 56
20 56
19 56
18 56
18 55
18 54
17 54
16 54
15 54
14 54
13 54
13 53
13 52
12 52
12 51
12 50
11 50
11 51
11 52
10 52
10 53
9 53
8 53
7 53
6 53
6 52
6 51
6 50
6 49
6 48
5 48
4 48
3 48
2 48
2 47
2 46
2 45
2 44
2 43
2 42
1 42
0 42
0 41
0 40
0 39
0 38
