5 8
6 8
6 9
6 10
7 10
7 11
7 12
7 13
7 14
8 14
8 15
8 16
8 17
8 18
9 18
10 18
11 18
12 18
12 19
12 20
12 21
12 22
12 23
12 24
13 24
14 24
15 24
16 24
16 25
16 26
16 27
16 28
16 29
16 30
16 31
16 32
16 33
16 34
16 35
16 36
16 37
16 38
15 38
14 38
14 39
14 40
13 40
12 40
12 41
12 42
11 42
10 42
9 42
8 42
7 42
6 42
6 43
6 44
7 44
8 44
9 44
10 44
11 44
12 44
12 43
12 42
12 41
12 40
11 40
10 40
9 40
8 40
7 40
6 40
5 40
4 40
4 39
4 38
3 38
2 38
2 39
2 40
1 40
0 40
0 39
0 38
0 37
0 36
0 35
0 34
0 33
0 32
0 31
0 30
0 29
0 28
0 27
0 26
0 25
0 24
0 23
0 22
0 21
