1 (5,8) (30,35) 385.967 40 4255 Success
2 (5,8) (53,56) 7886 68 60889 Success
3 (5,8) (39,52) 1660.56 63 14571 Success
4 (5,8) (49,34) 1178.85 38 11983 Success
5 (5,8) (35,42) 1647.62 103 17476 Fail
6 (5,8) (42,41) 1465.58 36 14681 Success
7 (5,8) (38,44) 1889.11 49 19304 Success
8 (5,8) (54,46) 2556.17 47 20992 Success
9 (5,8) (44,58) 7898.9 114 62876 Fail
10 (5,8) (59,59) 6378.12 102 52846 Fail
11 (8,14) (30,35) 223.429 40 2760 Success
12 (8,14) (53,56) 5360.66 95 46380 Success
13 (8,14) (39,52) 1006.34 70 9672 Success
14 (8,14) (49,34) 677.188 35 7875 Success
15 (8,14) (35,42) 1050.19 104 12169 Fail
16 (8,14) (42,41) 844.769 31 9746 Success
17 (8,14) (38,44) 1173.86 75 13073 Success
18 (8,14) (54,46) 1615.71 44 14678 Success
19 (8,14) (44,58) 5933.23 119 51991 Fail
20 (8,14) (59,59) 4389.76 103 40609 Fail
21 (5,16) (30,35) 213.429 39 2605 Success
22 (5,16) (53,56) 5526.25 98 47879 Success
23 (5,16) (39,52) 1003.88 73 10065 Success
24 (5,16) (49,34) 681.681 35 7943 Success
25 (5,16) (35,42) 993.343 56 12255 Success
26 (5,16) (42,41) 871.667 32 10119 Success
27 (5,16) (38,44) 1211.76 75 13774 Success
28 (5,16) (54,46) 1623.68 44 15197 Success
29 (5,16) (44,58) 6213.89 126 54272 Fail
30 (5,16) (59,59) 4391.42 69 40876 Success
31 (13,12) (30,35) 165.584 39 1989 Success
32 (13,12) (53,56) 4795.33 99 42318 Success
33 (13,12) (39,52) 743.04 43 7778 Success
34 (13,12) (49,34) 629.347 35 7433 Success
35 (13,12) (35,42) 820.832 101 9828 Fail
36 (13,12) (42,41) 743.055 31 8552 Success
37 (13,12) (38,44) 972.399 66 11067 Success
38 (13,12) (54,46) 1470.07 44 13373 Success
39 (13,12) (44,58) 4957.8 114 45348 Fail
40 (13,12) (59,59) 3957.29 99 36871 Success
41 (14,14) (30,35) 209.469 84 2081 Success
42 (14,14) (53,56) 4137.96 97 38094 Success
43 (14,14) (39,52) 709.131 72 7288 Success
44 (14,14) (49,34) 513.628 32 6149 Success
45 (14,14) (35,42) 722.097 102 8624 Fail
46 (14,14) (42,41) 597.433 30 7250 Success
47 (14,14) (38,44) 801.41 75 9420 Success
48 (14,14) (54,46) 1246.69 44 11822 Success
49 (14,14) (44,58) 4059.17 105 39217 Fail
50 (14,14) (59,59) 3348.05 101 33578 Fail
51 (12,2) (30,35) 478.721 90 5427 Success
52 (12,2) (53,56) 7458.05 68 59114 Success
53 (12,2) (39,52) 1374.32 62 12495 Success
54 (12,2) (49,34) 1185.83 37 12348 Success
55 (12,2) (35,42) 1455.14 102 16182 Fail
56 (12,2) (42,41) 1386.32 35 14252 Success
57 (12,2) (38,44) 1707.46 62 18275 Success
58 (12,2) (54,46) 2512.28 48 20730 Success
59 (12,2) (44,58) 7058.13 107 58716 Fail
60 (12,2) (59,59) 5976.02 101 50962 Fail
61 (2,10) (30,35) 360.037 40 4334 Success
62 (2,10) (53,56) 7812.11 68 62431 Success
63 (2,10) (39,52) 1612.69 50 15021 Success
64 (2,10) (49,34) 1145.93 38 12235 Success
65 (2,10) (35,42) 1646.63 104 18375 Fail
66 (2,10) (42,41) 1441.15 36 15234 Success
67 (2,10) (38,44) 1883.96 66 19965 Success
68 (2,10) (54,46) 2495.33 48 21707 Success
69 (2,10) (44,58) 7911.35 115 65157 Fail
70 (2,10) (59,59) 6330.78 103 54305 Fail
71 (0,2) (30,35) 656.245 93 8088 Success
72 (0,2) (53,56) 10150.9 95 82698 Success
73 (0,2) (39,52) 2620.5 63 23334 Success
74 (0,2) (49,34) 1641.64 43 17298 Success
75 (0,2) (35,42) 2254 61 26743 Success
76 (0,2) (42,41) 2052.51 49 21540 Success
77 (0,2) (38,44) 2643.93 63 28806 Success
78 (0,2) (54,46) 3485.71 50 29895 Success
79 (0,2) (44,58) 9520.57 113 81513 Fail
80 (0,2) (59,59) 8233.01 105 70998 Fail
81 (7,6) (30,35) 465.754 42 5028 Success
82 (7,6) (53,56) 9382.66 100 69759 Success
83 (7,6) (39,52) 1976.74 73 17279 Success
84 (7,6) (49,34) 1517.97 40 14515 Success
85 (7,6) (35,42) 1972.78 57 20466 Success
86 (7,6) (42,41) 1848.09 38 17496 Success
87 (7,6) (38,44) 2315.84 67 22734 Success
88 (7,6) (54,46) 3155.59 48 24774 Success
89 (7,6) (44,58) 9415.95 126 72927 Fail
90 (7,6) (59,59) 7707.42 106 59815 Fail
91 (0,0) (30,35) 721.103 90 8914 Success
92 (0,0) (53,56) 10843 97 87195 Success
93 (0,0) (39,52) 2521.26 64 25494 Success
94 (0,0) (49,34) 1706.44 53 18591 Success
95 (0,0) (35,42) 2429.5 62 29036 Success
96 (0,0) (42,41) 2137.29 49 22892 Success
97 (0,0) (38,44) 2792.56 64 30903 Success
98 (0,0) (54,46) 3593.39 51 31883 Success
99 (0,0) (44,58) 9890.09 111 85152 Fail
100 (0,0) (59,59) 8897.21 107 75024 Fail
