13 12
14 12
14 13
14 14
14 15
14 16
15 16
15 17
15 18
16 18
16 19
16 20
16 21
16 22
16 23
16 24
16 25
16 26
16 27
16 28
16 29
16 30
16 31
16 32
16 33
16 34
16 35
16 34
17 34
18 34
19 34
19 35
20 35
20 36
21 36
22 36
22 37
22 38
22 39
23 39
23 40
24 40
24 41
24 42
23 42
23 43
23 44
24 44
25 44
25 43
26 43
27 43
28 43
28 44
28 43
28 42
28 41
28 40
28 39
28 38
29 38
30 38
31 38
32 38
33 38
34 38
34 37
34 36
34 35
34 34
33 34
33 33
33 32
32 32
32 31
31 31
30 31
30 30
29 30
28 30
27 30
26 30
25 30
24 30
23 30
22 30
21 30
21 29
20 29
19 29
18 29
17 29
16 29
16 28
16 27
16 26
15 26
14 26
13 26
