1 (5,8) (30,35) 382.975 40 4255 Success
2 (5,8) (53,56) 7911.89 68 60889 Success
3 (5,8) (39,52) 1667.57 63 14571 Success
4 (5,8) (49,34) 1177.85 38 11983 Success
5 (5,8) (35,42) 1650.61 103 17476 Fail
6 (5,8) (42,41) 1465.11 36 14681 Success
7 (5,8) (38,44) 1889.48 49 19304 Success
8 (5,8) (54,46) 2556.22 47 20992 Success
9 (5,8) (44,58) 7892.49 114 62876 Fail
10 (5,8) (59,59) 6428.83 102 52846 Fail
11 (8,14) (30,35) 224.43 40 2760 Success
12 (8,14) (53,56) 5386.62 95 46380 Success
13 (8,14) (39,52) 993.343 70 9672 Success
14 (8,14) (49,34) 675.222 35 7875 Success
15 (8,14) (35,42) 1035.26 104 12169 Fail
16 (8,14) (42,41) 840.777 31 9746 Success
17 (8,14) (38,44) 1162.89 75 13073 Success
18 (8,14) (54,46) 1601.74 44 14678 Success
19 (8,14) (44,58) 5966.04 119 51991 Fail
20 (8,14) (59,59) 4414.19 103 40609 Fail
21 (5,16) (30,35) 217.998 39 2605 Success
22 (5,16) (53,56) 5598.06 98 47879 Success
23 (5,16) (39,52) 1013.29 73 10065 Success
24 (5,16) (49,34) 686.164 35 7943 Success
25 (5,16) (35,42) 995.336 56 12255 Success
26 (5,16) (42,41) 878.677 32 10119 Success
27 (5,16) (38,44) 1234.7 75 13774 Success
28 (5,16) (54,46) 1629.67 44 15197 Success
29 (5,16) (44,58) 6269.26 126 54272 Fail
30 (5,16) (59,59) 4439.15 69 40876 Success
31 (13,12) (30,35) 166.583 39 1989 Success
32 (13,12) (53,56) 4823.1 99 42318 Success
33 (13,12) (39,52) 745.035 43 7778 Success
34 (13,12) (49,34) 629.344 35 7433 Success
35 (13,12) (35,42) 823.825 101 9828 Fail
36 (13,12) (42,41) 747.507 31 8552 Success
37 (13,12) (38,44) 985.364 66 11067 Success
38 (13,12) (54,46) 1475.08 44 13373 Success
39 (13,12) (44,58) 5050.52 114 45348 Fail
40 (13,12) (59,59) 3973.37 99 36871 Success
41 (14,14) (30,35) 209.438 84 2081 Success
42 (14,14) (53,56) 4160.9 97 38094 Success
43 (14,14) (39,52) 716.057 72 7288 Success
44 (14,14) (49,34) 515.649 32 6149 Success
45 (14,14) (35,42) 724.058 102 8624 Fail
46 (14,14) (42,41) 597.43 30 7250 Success
47 (14,14) (38,44) 802.876 75 9420 Success
48 (14,14) (54,46) 1249.22 44 11822 Success
49 (14,14) (44,58) 4079.12 105 39217 Fail
50 (14,14) (59,59) 3356.02 101 33578 Fail
51 (12,2) (30,35) 476.724 90 5427 Success
52 (12,2) (53,56) 7456.06 68 59114 Success
53 (12,2) (39,52) 1381.33 62 12495 Success
54 (12,2) (49,34) 1188.82 37 12348 Success
55 (12,2) (35,42) 1456.11 102 16182 Fail
56 (12,2) (42,41) 1386.29 35 14252 Success
57 (12,2) (38,44) 1722.42 62 18275 Success
58 (12,2) (54,46) 2519.29 48 20730 Success
59 (12,2) (44,58) 7120.49 107 58716 Fail
60 (12,2) (59,59) 6034.86 101 50962 Fail
61 (2,10) (30,35) 363.057 40 4334 Success
62 (2,10) (53,56) 7925.49 68 62431 Success
63 (2,10) (39,52) 1614.68 50 15021 Success
64 (2,10) (49,34) 1151.92 38 12235 Success
65 (2,10) (35,42) 1648.62 104 18375 Fail
66 (2,10) (42,41) 1450.12 36 15234 Success
67 (2,10) (38,44) 1898.92 66 19965 Success
68 (2,10) (54,46) 2501.87 48 21707 Success
69 (2,10) (44,58) 7914.83 115 65157 Fail
70 (2,10) (59,59) 6399.91 103 54305 Fail
71 (0,2) (30,35) 665.244 93 8088 Success
72 (0,2) (53,56) 10266.7 95 82698 Success
73 (0,2) (39,52) 2671.88 63 23334 Success
74 (0,2) (49,34) 1645.63 43 17298 Success
75 (0,2) (35,42) 2258.93 61 26743 Success
76 (0,2) (42,41) 2062.51 49 21540 Success
77 (0,2) (38,44) 2685.85 63 28806 Success
78 (0,2) (54,46) 3505.62 50 29895 Success
79 (0,2) (44,58) 9575.39 113 81513 Fail
80 (0,2) (59,59) 8248.97 105 70998 Fail
81 (7,6) (30,35) 467.75 42 5028 Success
82 (7,6) (53,56) 9446.66 100 69759 Success
83 (7,6) (39,52) 1995.69 73 17279 Success
84 (7,6) (49,34) 1540.91 40 14515 Success
85 (7,6) (35,42) 1969.76 57 20466 Success
86 (7,6) (42,41) 1860.02 38 17496 Success
87 (7,6) (38,44) 2327.8 67 22734 Success
88 (7,6) (54,46) 3178.5 48 24774 Success
89 (7,6) (44,58) 9446.87 126 72927 Fail
90 (7,6) (59,59) 7731.35 106 59815 Fail
91 (0,0) (30,35) 720.101 90 8914 Success
92 (0,0) (53,56) 10842.1 97 87195 Success
93 (0,0) (39,52) 2517.3 64 25494 Success
94 (0,0) (49,34) 1700.42 53 18591 Success
95 (0,0) (35,42) 2428.5 62 29036 Success
96 (0,0) (42,41) 2130.33 49 22892 Success
97 (0,0) (38,44) 2788.54 64 30903 Success
98 (0,0) (54,46) 3571.45 51 31883 Success
99 (0,0) (44,58) 9842.27 111 85152 Fail
100 (0,0) (59,59) 8867.64 107 75024 Fail
