8 14
8 15
8 16
8 17
8 18
9 18
10 18
11 18
12 18
12 19
12 20
12 21
12 22
12 23
12 24
13 24
14 24
15 24
16 24
16 25
16 26
16 27
16 28
16 29
16 30
16 31
16 32
15 32
14 32
13 32
12 32
12 31
12 30
11 30
10 30
9 30
8 30
8 31
8 32
7 32
7 33
7 32
6 32
6 31
6 30
5 30
4 30
3 30
2 30
1 30
0 30
0 29
0 28
0 27
0 26
0 25
0 24
0 23
0 22
0 21
0 20
0 19
0 18
0 17
0 16
1 16
2 16
2 15
2 14
1 14
0 14
0 13
0 12
0 11
0 10
0 9
0 8
0 7
0 6
0 5
0 4
0 3
0 2
0 1
0 2
1 2
2 2
2 1
2 0
1 0
0 0
0 1
0 2
0 1
0 2
1 2
0 2
0 1
0 0
1 0
2 0
