5 16
6 16
6 17
6 18
7 18
8 18
9 18
10 18
11 18
12 18
12 19
12 20
12 21
12 22
12 23
12 24
13 24
14 24
15 24
16 24
16 25
16 26
16 27
16 28
16 29
16 30
16 31
16 32
16 33
16 34
16 35
16 34
16 35
16 34
16 35
16 34
16 35
16 34
16 35
16 36
16 37
16 38
15 38
14 38
14 39
14 40
13 40
12 40
12 41
12 42
11 42
10 42
9 42
8 42
7 42
6 42
6 43
6 44
7 44
8 44
9 44
10 44
11 44
12 44
12 43
13 43
12 43
12 44
12 45
13 45
14 45
14 44
15 44
16 44
16 45
15 45
15 44
15 45
14 45
14 46
13 46
12 46
13 46
13 47
14 47
14 48
13 48
12 48
11 48
10 48
9 48
8 48
8 47
8 46
9 46
9 45
10 45
10 46
9 46
9 45
9 44
