13 12
14 12
14 13
14 14
14 15
14 16
15 16
15 17
15 18
16 18
16 19
16 20
16 21
16 22
16 23
16 24
16 25
16 26
16 27
16 28
16 29
16 30
16 31
16 32
16 33
16 34
16 35
16 34
16 35
16 34
16 35
16 34
16 35
16 34
16 35
16 34
16 35
16 34
16 35
16 34
16 35
16 34
16 35
16 34
16 35
16 34
16 35
16 34
16 35
16 34
16 35
16 34
16 35
16 34
16 35
16 34
16 35
16 36
16 37
16 38
15 38
14 38
14 39
14 40
13 40
12 40
12 41
12 42
12 43
12 44
12 45
12 46
13 46
13 47
13 48
12 48
11 48
11 49
11 50
11 51
11 52
10 52
10 53
10 52
10 53
10 52
10 53
10 52
10 51
10 50
10 49
10 48
9 48
8 48
8 47
8 46
9 46
9 45
9 44
8 44
7 44
6 44
6 43
6 42
7 42
7 41
7 40
6 40
5 40
4 40
4 39
4 38
3 38
2 38
2 39
2 40
1 40
0 40
0 39
0 38
0 37
