14 14
14 15
14 16
15 16
15 17
15 18
16 18
16 19
16 20
16 21
16 22
16 23
16 24
16 25
16 26
16 27
16 28
16 29
16 30
16 31
16 32
16 33
16 34
16 35
16 34
16 35
16 34
16 35
16 34
16 35
16 34
16 35
16 34
16 35
16 34
16 35
16 34
16 35
16 34
16 35
16 34
16 35
16 34
16 35
16 34
16 35
16 34
16 35
16 34
16 35
16 34
16 35
16 34
16 35
16 34
17 34
18 34
19 34
19 35
20 35
20 36
21 36
22 36
22 35
22 34
23 34
23 33
23 32
24 32
25 32
25 31
25 30
26 30
27 30
26 30
25 30
24 30
23 30
22 30
21 30
20 30
19 30
18 30
18 29
17 29
16 29
15 29
14 29
14 28
14 27
14 26
13 26
12 26
12 27
11 27
12 27
12 28
12 27
12 26
13 26
14 26
