42 41
41 41
40 41
40 40
39 40
38 40
38 39
38 38
37 38
36 38
36 37
36 36
35 36
34 36
34 35
34 34
33 34
32 34
32 33
32 32
32 31
31 31
30 31
29 31
29 30
28 30
27 30
26 30
25 30
24 30
23 30
22 30
21 30
20 30
19 30
18 30
18 29
17 29
16 29
15 29
14 29
14 28
14 27
14 26
13 26
12 26
12 27
11 27
12 27
12 28
12 27
12 28
12 27
12 26
12 27
12 26
13 26
12 26
13 26
14 26
15 26
16 26
16 25
16 24
15 24
14 24
13 24
12 24
11 24
10 24
9 24
8 24
7 24
6 24
5 24
4 24
3 24
2 24
1 24
0 24
0 23
0 22
0 21
0 20
0 19
0 18
0 17
0 16
1 16
2 16
2 15
2 14
1 14
0 14
0 13
0 12
0 11
0 10
0 9
