2 10
3 10
3 11
3 12
4 12
5 12
6 12
7 12
7 13
7 14
8 14
8 15
8 16
8 17
8 18
9 18
10 18
11 18
12 18
12 19
12 20
12 21
12 22
12 23
12 24
13 24
14 24
15 24
16 24
16 25
16 26
16 27
16 28
16 29
17 29
18 29
18 30
19 30
20 30
19 30
18 30
18 29
17 29
16 29
15 29
14 29
14 28
14 27
14 26
13 26
12 26
12 27
11 27
12 27
12 28
12 27
12 28
12 27
12 26
13 26
12 26
13 26
12 26
12 27
12 28
12 27
12 28
12 27
12 26
13 26
14 26
15 26
16 26
16 25
16 24
15 24
14 24
13 24
12 24
11 24
10 24
9 24
8 24
7 24
6 24
5 24
4 24
3 24
2 24
1 24
0 24
0 23
0 22
0 21
0 20
0 19
0 18
0 17
0 16
1 16
2 16
