0 2
0 3
0 4
0 5
0 6
0 7
0 8
0 9
0 10
0 11
0 12
0 13
0 14
1 14
2 14
2 15
2 16
3 16
4 16
5 16
6 16
6 17
6 18
7 18
8 18
9 18
10 18
10 19
10 18
10 19
10 18
10 19
10 18
10 19
10 18
10 19
10 18
10 19
10 18
10 19
10 18
10 19
10 18
10 19
10 18
10 19
10 18
10 19
10 18
10 19
10 18
10 19
10 18
10 19
10 18
10 19
10 18
10 19
10 18
9 18
8 18
7 18
6 18
5 18
4 18
3 18
2 18
1 18
1 17
1 16
2 16
2 15
2 14
1 14
0 14
0 13
0 12
0 11
0 10
0 9
0 8
0 7
0 6
0 5
0 4
0 3
0 2
1 2
2 2
2 1
2 0
1 0
0 0
0 1
0 2
1 2
0 2
0 1
0 0
1 0
2 0
