0 2
0 3
0 4
0 5
0 6
0 7
0 8
0 9
0 10
0 11
0 12
0 13
0 14
1 14
2 14
2 15
2 16
3 16
4 16
5 16
6 16
6 17
6 18
7 18
8 18
9 18
10 18
11 18
12 18
12 19
12 20
12 21
12 22
12 23
12 24
13 24
14 24
15 24
16 24
16 25
16 26
16 27
16 28
16 29
16 30
16 31
16 32
16 33
16 34
16 35
16 34
16 35
16 34
16 35
16 34
16 35
16 34
16 35
16 34
16 35
16 34
16 35
16 34
16 35
16 34
16 35
16 34
16 35
16 34
16 35
16 34
16 35
16 34
16 35
16 34
16 35
16 36
16 37
16 38
15 38
14 38
14 39
14 40
13 40
12 40
12 41
12 42
12 43
12 44
12 45
12 46
13 46
13 47
13 48
12 48
11 48
11 49
11 50
11 51
11 52
10 52
10 53
9 53
8 53
7 53
6 53
6 52
6 51
6 50
6 49
