0 0
0 1
0 2
0 3
0 4
0 5
0 6
0 7
0 8
0 9
0 10
0 11
0 12
0 13
0 14
1 14
2 14
2 15
2 16
3 16
4 16
5 16
6 16
6 17
6 18
7 18
8 18
9 18
10 18
11 18
12 18
12 19
12 20
12 21
12 22
12 23
12 24
13 24
14 24
15 24
16 24
16 25
16 26
16 27
16 28
16 29
16 30
16 31
16 32
16 33
16 34
16 35
16 34
16 35
16 34
16 35
16 34
16 35
16 36
16 37
16 38
15 38
14 38
14 39
14 40
13 40
12 40
12 41
12 42
12 43
12 44
12 45
12 46
13 46
13 47
13 48
12 48
11 48
11 49
11 50
11 51
11 52
10 52
10 53
10 52
10 53
10 52
10 53
10 52
10 51
10 50
10 49
10 48
9 48
8 48
8 47
8 46
9 46
9 45
9 44
8 44
7 44
6 44
6 43
6 42
7 42
7 41
7 40
6 40
5 40
4 40
4 39
4 38
3 38
2 38
2 39
2 40
1 40
0 40
0 39
0 38
0 37
