1 (5,8) (30,35) 2234.03 40 16694 Success
2 (5,8) (53,56) 24099.1 73 162507 Success
3 (5,8) (39,52) 8442.11 67 63905 Success
4 (5,8) (49,34) 6080.91 38 44191 Success
5 (5,8) (35,42) 6971.41 104 52369 Fail
6 (5,8) (42,41) 5722.23 36 42557 Success
7 (5,8) (38,44) 7651.13 101 58402 Fail
8 (5,8) (54,46) 12092.9 101 83850 Fail
9 (5,8) (44,58) 20280.9 121 150397 Fail
10 (5,8) (59,59) 25826.5 109 196611 Fail
11 (8,14) (30,35) 1565.81 101 10080 Fail
12 (8,14) (53,56) 19913.5 101 140242 Fail
13 (8,14) (39,52) 6368.62 101 49904 Fail
14 (8,14) (49,34) 4474.51 101 31102 Fail
15 (8,14) (35,42) 4883.94 101 38359 Fail
16 (8,14) (42,41) 4234.44 101 30867 Fail
17 (8,14) (38,44) 5644.08 66 44805 Success
18 (8,14) (54,46) 8860.98 44 64197 Success
19 (8,14) (44,58) 16821.3 122 131282 Fail
20 (8,14) (59,59) 21667.6 110 173507 Fail
21 (5,16) (30,35) 1447.72 39 9894 Success
22 (5,16) (53,56) 20159.9 73 141754 Success
23 (5,16) (39,52) 6460.8 50 51123 Success
24 (5,16) (49,34) 4403.32 35 31492 Success
25 (5,16) (35,42) 4989.17 62 39652 Success
26 (5,16) (42,41) 4187.96 32 31499 Success
27 (5,16) (38,44) 5856.46 101 45977 Fail
28 (5,16) (54,46) 9300.94 101 66137 Fail
29 (5,16) (44,58) 17049.6 121 131885 Fail
30 (5,16) (59,59) 21924.4 109 174812 Fail
31 (13,12) (30,35) 1128.49 39 7044 Success
32 (13,12) (53,56) 18666.1 73 133936 Success
33 (13,12) (39,52) 5536.73 50 44601 Success
34 (13,12) (49,34) 3921.02 35 28638 Success
35 (13,12) (35,42) 4261.33 62 34608 Success
36 (13,12) (42,41) 3614.36 31 27645 Success
37 (13,12) (38,44) 5075.52 101 40537 Fail
38 (13,12) (54,46) 8300.81 101 60194 Fail
39 (13,12) (44,58) 15636.6 121 123629 Fail
40 (13,12) (59,59) 20489.5 109 166869 Fail
41 (14,14) (30,35) 1118 101 6154 Fail
42 (14,14) (53,56) 17858.4 101 129173 Fail
43 (14,14) (39,52) 5251.15 101 42053 Fail
44 (14,14) (49,34) 3606.9 101 24869 Fail
45 (14,14) (35,42) 3920.6 101 31586 Fail
46 (14,14) (42,41) 3400.94 101 24973 Fail
47 (14,14) (38,44) 4212.85 75 32453 Success
48 (14,14) (54,46) 7366.51 44 54909 Success
49 (14,14) (44,58) 14989.4 122 120317 Fail
50 (14,14) (59,59) 19675.3 110 162113 Fail
51 (12,2) (30,35) 2527.24 101 15988 Fail
52 (12,2) (53,56) 23342 101 159818 Fail
53 (12,2) (39,52) 7756.46 101 57935 Fail
54 (12,2) (49,34) 6134.74 101 44810 Fail
55 (12,2) (35,42) 6438.32 103 48681 Fail
56 (12,2) (42,41) 5603.08 101 41366 Fail
57 (12,2) (38,44) 7093.22 66 55335 Success
58 (12,2) (54,46) 11569.2 48 82415 Success
59 (12,2) (44,58) 19563.6 122 147397 Fail
60 (12,2) (59,59) 24976.4 110 193294 Fail
61 (2,10) (30,35) 2465.44 101 18130 Fail
62 (2,10) (53,56) 24650.8 101 165909 Fail
63 (2,10) (39,52) 8751.35 101 65930 Fail
64 (2,10) (49,34) 6387.64 101 45613 Fail
65 (2,10) (35,42) 7271.74 105 54435 Fail
66 (2,10) (42,41) 6060.96 101 44240 Fail
67 (2,10) (38,44) 7806.57 66 60237 Success
68 (2,10) (54,46) 12231.5 48 85611 Success
69 (2,10) (44,58) 20845.3 122 154814 Fail
70 (2,10) (59,59) 26203.6 110 200367 Fail
71 (0,2) (30,35) 5081.42 101 44981 Fail
72 (0,2) (53,56) 29810.9 101 198592 Fail
73 (0,2) (39,52) 11613.6 101 89941 Fail
74 (0,2) (49,34) 8482.57 101 62898 Fail
75 (0,2) (35,42) 9505.61 101 74359 Fail
76 (0,2) (42,41) 7928.3 101 60375 Fail
77 (0,2) (38,44) 10464.2 63 81856 Success
78 (0,2) (54,46) 15385.4 50 109188 Success
79 (0,2) (44,58) 25236.2 122 184934 Fail
80 (0,2) (59,59) 31251.6 110 235324 Fail
81 (7,6) (30,35) 2777.57 42 21484 Success
82 (7,6) (53,56) 26345.2 73 175103 Success
83 (7,6) (39,52) 9670.27 73 72066 Success
84 (7,6) (49,34) 7068.21 40 51612 Success
85 (7,6) (35,42) 7771.23 57 59450 Success
86 (7,6) (42,41) 6618.82 38 49085 Success
87 (7,6) (38,44) 8866.31 101 66740 Fail
88 (7,6) (54,46) 13662.5 101 93755 Fail
89 (7,6) (44,58) 22173.7 121 161768 Fail
90 (7,6) (59,59) 27858 109 209423 Fail
91 (0,0) (30,35) 5298.35 101 47386 Fail
92 (0,0) (53,56) 30966.9 101 206293 Fail
93 (0,0) (39,52) 12198.4 101 95124 Fail
94 (0,0) (49,34) 8969.11 101 67385 Fail
95 (0,0) (35,42) 10076.1 101 79372 Fail
96 (0,0) (42,41) 8338.22 101 64167 Fail
97 (0,0) (38,44) 11049 64 86837 Success
98 (0,0) (54,46) 16082.7 51 114789 Success
99 (0,0) (44,58) 26221.9 122 191879 Fail
100 (0,0) (59,59) 32433.3 110 243386 Fail
