6 16
6 17
6 18
7 18
8 18
9 18
10 18
11 18
12 18
12 19
12 20
12 21
12 22
12 23
12 24
13 24
14 24
15 24
16 24
16 25
16 26
16 27
16 28
16 29
16 30
16 31
16 32
16 33
16 34
17 34
18 34
19 34
19 35
20 35
20 36
20 37
20 38
19 38
18 38
18 39
18 40
18 41
18 42
17 42
16 42
15 42
14 42
13 42
12 42
11 42
10 42
9 42
8 42
7 42
6 42
6 43
6 44
7 44
8 44
9 44
10 44
11 44
12 44
12 45
13 45
14 45
14 44
14 45
15 45
15 44
16 44
16 43
16 44
16 45
16 46
17 46
18 46
18 45
18 46
18 47
18 48
18 49
18 50
17 50
16 50
15 50
14 50
13 50
12 50
11 50
10 50
9 50
8 50
8 51
8 52
8 53
7 53
6 53
6 52
5 52
4 52
