6 16
6 17
6 18
7 18
8 18
9 18
10 18
11 18
12 18
12 19
12 20
12 21
12 22
12 23
12 24
13 24
14 24
15 24
16 24
16 25
16 26
16 27
16 28
16 29
16 30
16 31
16 32
16 33
16 34
17 34
18 34
19 34
19 35
19 34
20 34
21 34
22 34
23 34
24 34
25 34
26 34
27 34
27 33
28 33
29 33
30 33
30 32
30 31
30 30
29 30
28 30
27 30
26 30
25 30
24 30
23 30
22 30
21 30
21 29
20 29
19 29
18 29
17 29
16 29
16 28
16 27
16 26
15 26
14 26
13 26
12 26
13 26
14 26
15 26
16 26
16 25
16 24
15 24
14 24
13 24
12 24
11 24
10 24
9 24
8 24
7 24
6 24
5 24
4 24
3 24
2 24
1 24
0 24
0 23
0 22
0 21
0 20
0 19
0 18
0 17
0 16
