2 4
1 4
0 4
0 5
0 6
0 7
0 8
0 9
0 10
0 11
0 12
0 13
0 14
1 14
2 14
2 15
2 16
3 16
4 16
5 16
6 16
6 17
6 18
7 18
8 18
9 18
10 18
11 18
12 18
12 19
12 20
12 21
12 22
12 23
12 24
13 24
14 24
15 24
16 24
16 25
16 26
16 27
16 28
16 29
17 29
18 29
18 30
19 30
18 30
18 29
17 29
16 29
15 29
14 29
14 28
14 27
14 26
13 26
12 26
12 27
11 27
12 27
12 28
12 27
11 27
12 27
12 28
12 27
12 26
13 26
12 26
12 27
12 26
12 27
11 27
12 27
12 28
12 27
12 26
12 27
12 28
12 27
11 27
12 27
11 27
12 27
12 28
12 27
12 26
12 27
12 26
12 27
12 28
12 27
12 28
12 27
12 26
13 26
12 26
13 26
12 26
