12 9
12 10
12 11
12 12
12 13
12 14
13 14
14 14
14 15
14 16
15 16
15 17
15 18
16 18
16 19
16 20
16 21
16 22
16 23
16 24
16 25
16 26
16 27
16 28
16 29
15 29
14 29
14 28
14 27
14 26
13 26
12 26
12 27
11 27
12 27
12 28
12 27
12 26
12 27
11 27
12 27
12 26
13 26
14 26
15 26
16 26
16 25
16 24
15 24
14 24
13 24
12 24
11 24
10 24
9 24
8 24
7 24
6 24
5 24
4 24
3 24
2 24
1 24
0 24
0 23
0 22
0 21
0 20
0 19
0 18
0 17
0 16
1 16
2 16
2 15
2 14
1 14
0 14
0 13
0 12
0 11
0 10
0 9
0 8
0 7
0 6
0 5
0 4
0 3
0 2
0 1
0 2
1 2
2 2
2 1
2 0
1 0
0 0
0 1
0 0
0 1
