15 12
14 12
14 13
14 14
14 15
14 16
15 16
15 17
15 18
16 18
16 19
16 20
16 21
16 22
16 23
16 24
16 25
16 26
16 27
16 28
16 29
16 30
16 31
16 32
16 33
16 34
17 34
18 34
19 34
19 35
20 35
20 36
20 37
20 38
19 38
18 38
18 39
18 40
18 41
18 42
17 42
16 42
15 42
14 42
13 42
12 42
11 42
10 42
9 42
8 42
7 42
6 42
6 43
6 44
7 44
8 44
9 44
10 44
11 44
12 44
12 43
12 42
13 42
14 42
15 42
14 42
13 42
12 42
12 41
11 41
11 40
10 40
9 40
8 40
7 40
6 40
5 40
4 40
4 39
4 38
3 38
2 38
2 39
2 40
1 40
0 40
0 39
0 38
0 37
0 36
0 35
0 34
0 33
0 32
0 31
0 30
0 29
0 28
0 27
0 26
0 25
