1 (12,18) (54,37) 7524.88 101 30893 Fail
2 (12,18) (36,50) 6377.94 38 32666 Success
3 (12,18) (53,30) 6644.73 101 28828 Fail
4 (12,18) (31,50) 5623.99 101 26706 Fail
5 (12,18) (36,32) 1640.64 20 6195 Success
6 (12,18) (32,42) 5076.42 62 24242 Success
7 (12,18) (57,40) 9199.4 101 40808 Fail
8 (12,18) (48,51) 18105.1 101 85812 Fail
9 (12,18) (45,46) 20992.9 101 98181 Fail
10 (12,18) (59,59) 22391.1 102 117218 Fail
11 (6,16) (54,37) 9714.02 101 41364 Fail
12 (6,16) (36,50) 8953.06 64 44062 Success
13 (6,16) (53,30) 8099.37 101 35772 Fail
14 (6,16) (31,50) 8108.34 101 37555 Fail
15 (6,16) (36,32) 2523.28 24 10597 Success
16 (6,16) (32,42) 7069.09 53 34056 Success
17 (6,16) (57,40) 12543.6 101 55608 Fail
18 (6,16) (48,51) 23265.5 101 105177 Fail
19 (6,16) (45,46) 25216.2 101 116784 Fail
20 (6,16) (59,59) 26985.4 102 141178 Fail
21 (1,16) (54,37) 10303.4 42 45035 Success
22 (1,16) (36,50) 11019.6 103 54503 Fail
23 (1,16) (53,30) 8452.42 38 37933 Success
24 (1,16) (31,50) 9280.18 68 47253 Success
25 (1,16) (36,32) 3279.26 101 13093 Fail
26 (1,16) (32,42) 8311.74 101 40804 Fail
27 (1,16) (57,40) 12835.7 47 60996 Success
28 (1,16) (48,51) 24780.4 56 116532 Success
29 (1,16) (45,46) 27875.2 93 129539 Success
30 (1,16) (59,59) 30079.2 103 157753 Fail
31 (2,3) (54,37) 16236.7 48 82640 Success
32 (2,3) (36,50) 16620.1 101 88932 Fail
33 (2,3) (53,30) 12985.8 43 64237 Success
34 (2,3) (31,50) 14673.8 68 79147 Success
35 (2,3) (36,32) 6353.6 101 33494 Fail
36 (2,3) (32,42) 13779.7 101 73316 Fail
37 (2,3) (57,40) 19907.6 51 103118 Success
38 (2,3) (48,51) 34815 63 170006 Success
39 (2,3) (45,46) 39508.9 95 188060 Success
40 (2,3) (59,59) 44443.7 113 233344 Fail
41 (6,10) (54,37) 11740.2 101 52582 Fail
42 (6,10) (36,50) 11157.7 59 54364 Success
43 (6,10) (53,30) 9650.19 101 43503 Fail
44 (6,10) (31,50) 9787.4 101 46816 Fail
45 (6,10) (36,32) 3485.27 34 15732 Success
46 (6,10) (32,42) 8850.83 65 43076 Success
47 (6,10) (57,40) 14547.7 101 68418 Fail
48 (6,10) (48,51) 26458.4 101 121745 Fail
49 (6,10) (45,46) 29576.2 101 134577 Fail
50 (6,10) (59,59) 31604 102 162627 Fail
51 (2,4) (54,37) 16260.5 101 80049 Fail
52 (2,4) (36,50) 16197.8 62 86075 Success
53 (2,4) (53,30) 13048.6 101 62290 Fail
54 (2,4) (31,50) 14630.4 101 76569 Fail
55 (2,4) (36,32) 5951.67 43 31321 Success
56 (2,4) (32,42) 13351.8 62 70374 Success
57 (2,4) (57,40) 19892.3 101 100242 Fail
58 (2,4) (48,51) 34699.3 101 166338 Fail
59 (2,4) (45,46) 38940.1 101 183628 Fail
60 (2,4) (59,59) 43600.6 112 227687 Fail
61 (12,9) (54,37) 9852.21 40 45443 Success
62 (12,9) (36,50) 9442.28 101 44116 Fail
63 (12,9) (53,30) 7749.3 37 36300 Success
64 (12,9) (31,50) 7767.23 54 35918 Success
65 (12,9) (36,32) 3040.9 101 12046 Fail
66 (12,9) (32,42) 7488.07 101 34940 Fail
67 (12,9) (57,40) 12763.9 70 59520 Success
68 (12,9) (48,51) 23782.4 88 108232 Success
69 (12,9) (45,46) 25688 91 119694 Success
70 (12,9) (59,59) 27865.6 103 144704 Fail
71 (15,12) (54,37) 8563.26 38 38901 Success
72 (15,12) (36,50) 7887.49 101 37950 Fail
73 (15,12) (53,30) 6966.96 37 32557 Success
74 (15,12) (31,50) 6941.44 68 31520 Success
75 (15,12) (36,32) 2534.22 101 9550 Fail
76 (15,12) (32,42) 6390.5 101 29774 Fail
77 (15,12) (57,40) 11351.6 70 51911 Success
78 (15,12) (48,51) 20959 85 97145 Success
79 (15,12) (45,46) 23462.8 91 110352 Success
80 (15,12) (59,59) 25299.4 103 132006 Fail
81 (11,0) (54,37) 13360.5 43 65313 Success
82 (11,0) (36,50) 12561.4 101 59149 Fail
83 (11,0) (53,30) 10379.3 38 50677 Success
84 (11,0) (31,50) 10671 55 49817 Success
85 (11,0) (36,32) 4562.8 101 20355 Fail
86 (11,0) (32,42) 10284 101 49292 Fail
87 (11,0) (57,40) 16575.3 48 82438 Success
88 (11,0) (48,51) 29781.4 85 137432 Success
89 (11,0) (45,46) 33529.6 99 151654 Success
90 (11,0) (59,59) 35252.9 103 181668 Fail
91 (0,0) (54,37) 16932.2 101 84787 Fail
92 (0,0) (36,50) 16864.4 64 90738 Success
93 (0,0) (53,30) 13607.7 101 66057 Fail
94 (0,0) (31,50) 15281.7 101 81385 Fail
95 (0,0) (36,32) 6326.09 44 34311 Success
96 (0,0) (32,42) 14056.9 65 75101 Success
97 (0,0) (57,40) 20706.1 101 105648 Fail
98 (0,0) (48,51) 35856.9 101 173139 Fail
99 (0,0) (45,46) 40336.9 101 191317 Fail
100 (0,0) (59,59) 43979.1 106 235022 Fail
