13 12
14 12
14 13
14 14
14 15
14 16
15 16
15 17
15 18
16 18
16 19
16 20
16 21
16 22
16 23
16 24
16 25
16 26
16 27
16 28
16 29
16 30
16 31
16 32
16 33
16 34
17 34
18 34
19 34
19 35
20 35
20 36
21 36
22 36
22 37
22 38
22 39
22 40
23 40
24 40
24 41
24 42
23 42
23 43
23 44
22 44
21 44
20 44
19 44
19 43
19 42
18 42
17 42
16 42
15 42
14 42
13 42
13 43
12 43
12 44
11 44
10 44
11 44
12 44
12 43
13 43
12 43
12 44
12 45
13 45
14 45
14 44
15 44
16 44
16 45
15 45
15 44
15 45
14 45
14 46
13 46
12 46
13 46
13 47
14 47
14 48
13 48
12 48
11 48
10 48
9 48
8 48
8 47
8 46
9 46
9 45
10 45
10 46
9 46
9 45
9 44
