5 8
6 8
6 9
6 10
7 10
7 11
7 12
7 13
7 14
8 14
8 15
8 16
8 17
8 18
9 18
10 18
11 18
12 18
12 19
12 20
12 21
12 22
12 23
12 24
13 24
14 24
15 24
16 24
16 25
16 26
16 27
16 28
16 29
16 30
16 31
16 32
16 33
16 34
17 34
18 34
19 34
19 35
20 35
20 36
20 37
20 38
19 38
18 38
18 39
18 40
18 41
18 42
17 42
16 42
15 42
14 42
13 42
13 43
12 43
12 44
11 44
10 44
11 44
12 44
12 43
13 43
12 43
12 44
12 45
13 45
14 45
14 44
15 44
16 44
16 45
15 45
15 44
15 45
14 45
14 46
13 46
12 46
13 46
13 47
14 47
14 48
13 48
12 48
11 48
10 48
9 48
8 48
8 47
8 46
9 46
9 45
10 45
10 46
9 46
9 45
9 44
