1 (5,8) (30,35) 4858.72 91 18327 Success
2 (5,8) (53,56) 34264.3 97 158125 Success
3 (5,8) (39,52) 13228.7 62 64691 Success
4 (5,8) (49,34) 9380.53 38 43691 Success
5 (5,8) (35,42) 10944.8 104 51512 Fail
6 (5,8) (42,41) 8402.36 36 41368 Success
7 (5,8) (38,44) 11689.7 101 57160 Fail
8 (5,8) (54,46) 17058.1 101 82230 Fail
9 (5,8) (44,58) 27584.6 107 135892 Fail
10 (5,8) (59,59) 34124.6 103 174898 Fail
11 (8,14) (30,35) 2729.68 101 9458 Fail
12 (8,14) (53,56) 28135 101 132070 Fail
13 (8,14) (39,52) 9715.14 101 47850 Fail
14 (8,14) (49,34) 7209.31 101 30978 Fail
15 (8,14) (35,42) 7772.8 103 36782 Fail
16 (8,14) (42,41) 6415.41 101 29865 Fail
17 (8,14) (38,44) 8318.29 67 41053 Success
18 (8,14) (54,46) 13293 70 63032 Success
19 (8,14) (44,58) 21968.5 110 108429 Fail
20 (8,14) (59,59) 27185 102 141312 Fail
21 (5,16) (30,35) 2512.3 39 9462 Success
22 (5,16) (53,56) 27864.6 95 133068 Success
23 (5,16) (39,52) 9956.47 67 49455 Success
24 (5,16) (49,34) 6890.14 34 30937 Success
25 (5,16) (35,42) 8182.12 104 38382 Fail
26 (5,16) (42,41) 6253.3 32 30479 Success
27 (5,16) (38,44) 8844.37 101 42821 Fail
28 (5,16) (54,46) 13906.9 101 64947 Fail
29 (5,16) (44,58) 22723.4 111 112201 Fail
30 (5,16) (59,59) 27921.9 103 144819 Fail
31 (13,12) (30,35) 2029.6 39 6627 Success
32 (13,12) (53,56) 25707.5 98 121679 Success
33 (13,12) (39,52) 8259.94 42 41086 Success
34 (13,12) (49,34) 6238.9 34 28226 Success
35 (13,12) (35,42) 6371.55 62 31530 Success
36 (13,12) (42,41) 5396.57 30 26352 Success
37 (13,12) (38,44) 7680.02 101 35981 Fail
38 (13,12) (54,46) 12557.4 101 58763 Fail
39 (13,12) (44,58) 19605.6 107 97292 Fail
40 (13,12) (59,59) 25278.5 103 132017 Fail
41 (14,14) (30,35) 2008.66 101 5723 Fail
42 (14,14) (53,56) 23385.5 101 112089 Fail
43 (14,14) (39,52) 7727.44 101 37488 Fail
44 (14,14) (49,34) 5937.15 101 24844 Fail
45 (14,14) (35,42) 5922.72 101 28111 Fail
46 (14,14) (42,41) 5275.92 101 24161 Fail
47 (14,14) (38,44) 6685.12 75 30982 Success
48 (14,14) (54,46) 10974.8 68 52511 Success
49 (14,14) (44,58) 17575.7 104 88407 Fail
50 (14,14) (59,59) 23404.1 102 122895 Fail
51 (12,2) (30,35) 4503.43 101 15618 Fail
52 (12,2) (53,56) 32844.5 101 154237 Fail
53 (12,2) (39,52) 12670.8 101 59036 Fail
54 (12,2) (49,34) 9464.28 101 44566 Fail
55 (12,2) (35,42) 10073.1 103 48185 Fail
56 (12,2) (42,41) 8399.13 101 40458 Fail
57 (12,2) (38,44) 10850.1 61 53777 Success
58 (12,2) (54,46) 16483.9 48 81246 Success
59 (12,2) (44,58) 26370.1 106 130454 Fail
60 (12,2) (59,59) 32902.3 102 169434 Fail
61 (2,10) (30,35) 4352.95 101 18685 Fail
62 (2,10) (53,56) 34715.4 101 161902 Fail
63 (2,10) (39,52) 13756.4 101 67300 Fail
64 (2,10) (49,34) 9743.54 101 45130 Fail
65 (2,10) (35,42) 11138.2 105 53612 Fail
66 (2,10) (42,41) 8870.87 101 43066 Fail
67 (2,10) (38,44) 11931.1 75 59603 Success
68 (2,10) (54,46) 17073.3 47 83965 Success
69 (2,10) (44,58) 28343.5 108 139908 Fail
70 (2,10) (59,59) 34689.5 102 178585 Fail
71 (0,2) (30,35) 6034.42 101 30786 Fail
72 (0,2) (53,56) 41641.7 101 200132 Fail
73 (0,2) (39,52) 17336.3 101 91998 Fail
74 (0,2) (49,34) 12350 101 62171 Fail
75 (0,2) (35,42) 14010.6 101 73595 Fail
76 (0,2) (42,41) 11245.5 101 59110 Fail
77 (0,2) (38,44) 15093.2 63 80595 Success
78 (0,2) (54,46) 20880.8 50 107192 Success
79 (0,2) (44,58) 34507.5 108 176392 Fail
80 (0,2) (59,59) 43520.4 112 227788 Fail
81 (7,6) (30,35) 4541.85 42 20713 Success
82 (7,6) (53,56) 37780.1 99 174009 Success
83 (7,6) (39,52) 15025.8 73 74070 Success
84 (7,6) (49,34) 10562.8 40 51054 Success
85 (7,6) (35,42) 11728.7 57 58665 Success
86 (7,6) (42,41) 9590.36 38 47962 Success
87 (7,6) (38,44) 13157.8 101 65512 Fail
88 (7,6) (54,46) 19071 101 92295 Fail
89 (7,6) (44,58) 31051 111 152175 Fail
90 (7,6) (59,59) 37813.9 105 192470 Fail
91 (0,0) (30,35) 6588.41 101 34091 Fail
92 (0,0) (53,56) 43220.9 101 208874 Fail
93 (0,0) (39,52) 18123.6 101 97225 Fail
94 (0,0) (49,34) 12979.9 101 66693 Fail
95 (0,0) (35,42) 14760.1 101 78533 Fail
96 (0,0) (42,41) 11780 101 62976 Fail
97 (0,0) (38,44) 15886.8 64 85603 Success
98 (0,0) (54,46) 21709.4 51 112807 Success
99 (0,0) (44,58) 36118.6 110 185289 Fail
100 (0,0) (59,59) 44489.1 106 235022 Fail
