13 12
14 12
14 13
14 14
14 15
14 16
15 16
15 17
15 18
16 18
16 19
16 20
16 21
16 22
16 23
16 24
16 25
16 26
16 27
16 28
16 29
16 30
16 31
16 32
16 33
16 34
16 35
16 36
16 37
16 38
15 38
14 38
14 39
14 40
13 40
12 40
12 41
12 42
13 42
14 42
15 42
16 42
17 42
18 42
19 42
19 43
19 44
20 44
21 44
22 44
22 43
22 42
23 42
24 42
24 41
24 40
24 39
24 38
24 37
24 36
25 36
26 36
27 36
27 35
28 35
28 34
28 33
29 33
30 33
30 32
30 31
30 30
29 30
28 30
27 30
26 30
25 30
24 30
23 30
22 30
21 30
20 30
19 30
19 29
18 29
17 29
16 29
15 29
15 28
15 27
15 26
14 26
13 26
12 26
12 27
