12 2
12 3
12 4
12 5
12 6
12 7
12 8
12 9
12 10
12 11
12 12
12 13
12 14
13 14
14 14
14 15
14 16
15 16
15 17
15 18
16 18
16 19
16 20
16 21
16 22
16 23
16 24
16 25
16 26
16 27
16 28
16 29
16 30
16 31
16 32
16 33
16 34
16 35
16 36
16 37
16 38
15 38
14 38
14 39
14 40
13 40
12 40
12 41
12 42
12 43
12 44
12 45
12 46
13 46
13 47
13 48
14 48
15 48
15 49
15 50
16 50
17 50
18 50
18 51
18 52
18 53
18 54
17 54
16 54
15 54
14 54
13 54
12 54
11 54
10 54
10 53
9 53
8 53
7 53
6 53
6 52
6 51
6 50
6 49
6 48
5 48
4 48
3 48
2 48
2 47
1 47
0 47
0 46
0 45
0 44
0 43
0 42
0 41
0 40
0 39
0 38
