0 2
0 3
0 4
0 5
0 6
0 7
0 8
0 9
0 10
0 11
0 12
0 13
0 14
1 14
2 14
2 15
2 16
3 16
4 16
5 16
6 16
6 17
6 18
7 18
8 18
9 18
10 18
10 19
10 18
11 18
12 18
12 19
12 20
12 21
12 22
12 23
12 24
13 24
14 24
15 24
16 24
16 25
16 26
16 27
16 28
16 29
16 30
16 31
16 32
16 33
16 34
16 35
16 36
16 37
16 38
15 38
14 38
14 39
14 40
13 40
12 40
12 41
12 42
12 43
12 44
12 45
12 46
13 46
13 47
13 48
14 48
15 48
15 49
15 50
16 50
17 50
18 50
18 51
18 52
18 53
18 54
18 55
18 56
17 56
16 56
15 56
15 55
15 54
14 54
13 54
12 54
11 54
10 54
10 53
9 53
8 53
7 53
6 53
6 52
6 51
6 50
