5 8
6 8
6 9
6 10
7 10
7 11
7 12
7 13
7 14
8 14
8 15
8 16
8 17
8 18
9 18
10 18
10 19
10 18
11 18
12 18
12 19
12 20
12 21
12 22
12 23
12 24
13 24
14 24
15 24
16 24
16 25
16 26
16 27
16 28
16 29
16 30
16 31
16 32
16 33
16 34
16 35
16 36
16 37
16 38
15 38
14 38
14 39
14 40
13 40
12 40
12 41
12 42
12 43
12 44
12 45
12 46
13 46
13 47
13 48
14 48
15 48
15 49
15 50
14 50
14 51
14 52
13 52
13 53
13 54
12 54
11 54
10 54
10 53
9 53
8 53
7 53
6 53
6 52
5 52
4 52
4 51
4 50
5 50
6 50
6 49
6 48
5 48
4 48
3 48
2 48
2 47
1 47
0 47
0 46
0 45
0 44
0 43
0 42
0 41
0 40
0 39
0 38
