1 (5,8) (30,35) 278.283 41 4145 Success
2 (5,8) (53,56) 7189.44 76 65207 Success
3 (5,8) (39,52) 1395.3 67 15322 Success
4 (5,8) (49,34) 1025.75 39 12400 Success
5 (5,8) (35,42) 1331.47 56 17999 Success
6 (5,8) (42,41) 1292.54 37 15308 Success
7 (5,8) (38,44) 1607.73 66 19997 Success
8 (5,8) (54,46) 2287.88 47 22005 Success
9 (5,8) (44,58) 6791.84 102 62188 Fail
10 (5,8) (59,59) 5642.5 74 56441 Success
11 (8,14) (30,35) 165.584 39 3127 Success
12 (8,14) (53,56) 4790.85 98 49177 Success
13 (8,14) (39,52) 805.872 46 10602 Success
14 (8,14) (49,34) 594.438 34 8445 Success
15 (8,14) (35,42) 801.855 43 12525 Success
16 (8,14) (42,41) 760.964 32 10651 Success
17 (8,14) (38,44) 966.445 46 14054 Success
18 (8,14) (54,46) 1467.08 45 16061 Success
19 (8,14) (44,58) 4705.44 81 49494 Success
20 (8,14) (59,59) 3785.9 72 42648 Success
21 (5,16) (30,35) 200.492 84 3577 Success
22 (5,16) (53,56) 5045.06 97 50294 Success
23 (5,16) (39,52) 858.704 47 11065 Success
24 (5,16) (49,34) 620.341 35 8643 Success
25 (5,16) (35,42) 855.713 44 13019 Success
26 (5,16) (42,41) 803.85 33 11048 Success
27 (5,16) (38,44) 1025.28 46 14673 Success
28 (5,16) (54,46) 1504.01 45 16499 Success
29 (5,16) (44,58) 5000.93 81 50864 Success
30 (5,16) (59,59) 3985.37 72 44112 Success
31 (13,12) (30,35) 120.677 38 2239 Success
32 (13,12) (53,56) 4041.22 95 41497 Success
33 (13,12) (39,52) 629.348 44 8643 Success
34 (13,12) (49,34) 526.618 34 7483 Success
35 (13,12) (35,42) 593.412 41 9772 Success
36 (13,12) (42,41) 628.349 31 8730 Success
37 (13,12) (38,44) 765.977 43 11386 Success
38 (13,12) (54,46) 1268.61 45 13819 Success
39 (13,12) (44,58) 4282.55 58 42783 Success
40 (13,12) (59,59) 3192.47 70 36669 Success
41 (14,14) (30,35) 121.674 84 2044 Success
42 (14,14) (53,56) 3659.65 98 38801 Success
43 (14,14) (39,52) 549.066 44 7713 Success
44 (14,14) (49,34) 415.748 33 6343 Success
45 (14,14) (35,42) 486.204 39 8441 Success
46 (14,14) (42,41) 508.681 30 7411 Success
47 (14,14) (38,44) 649.248 42 10036 Success
48 (14,14) (54,46) 1093.76 66 12422 Success
49 (14,14) (44,58) 3563.7 57 39573 Success
50 (14,14) (59,59) 2844.08 69 33882 Success
51 (12,2) (30,35) 350.163 91 6152 Success
52 (12,2) (53,56) 6662.37 74 60079 Success
53 (12,2) (39,52) 1075.3 49 12419 Success
54 (12,2) (49,34) 1057.41 37 12519 Success
55 (12,2) (35,42) 1190.46 102 16331 Fail
56 (12,2) (42,41) 1251.86 35 14460 Success
57 (12,2) (38,44) 1449.82 49 18071 Success
58 (12,2) (54,46) 2278.22 48 20981 Success
59 (12,2) (44,58) 6228.63 101 58533 Fail
60 (12,2) (59,59) 5231.75 73 52165 Success
61 (2,10) (30,35) 303.247 42 4865 Success
62 (2,10) (53,56) 7847.72 77 71042 Success
63 (2,10) (39,52) 1507.63 70 17513 Success
64 (2,10) (49,34) 1112.22 40 13416 Success
65 (2,10) (35,42) 1521.44 57 20650 Success
66 (2,10) (42,41) 1402.92 38 16837 Success
67 (2,10) (38,44) 1779.84 75 22149 Success
68 (2,10) (54,46) 2509.41 48 24420 Success
69 (2,10) (44,58) 7415.68 81 66703 Success
70 (2,10) (59,59) 6445.22 76 60698 Success
71 (0,2) (30,35) 514.624 90 8219 Success
72 (0,2) (53,56) 9790.9 75 84958 Success
73 (0,2) (39,52) 2207.13 64 24929 Success
74 (0,2) (49,34) 1531.97 53 17735 Success
75 (0,2) (35,42) 2095.07 62 28007 Success
76 (0,2) (42,41) 1899.64 49 21905 Success
77 (0,2) (38,44) 2463.55 64 30051 Success
78 (0,2) (54,46) 3248.41 51 30827 Success
79 (0,2) (44,58) 8858.45 109 81498 Fail
80 (0,2) (59,59) 7754.39 101 73702 Fail
81 (7,6) (30,35) 383.004 43 5541 Success
82 (7,6) (53,56) 8581.84 78 74239 Success
83 (7,6) (39,52) 1727.16 73 18570 Success
84 (7,6) (49,34) 1353.91 41 14970 Success
85 (7,6) (35,42) 1723.9 58 21665 Success
86 (7,6) (42,41) 1649.34 39 17957 Success
87 (7,6) (38,44) 2028.91 75 23862 Success
88 (7,6) (54,46) 2880.86 47 25779 Success
89 (7,6) (44,58) 7849.86 81 68976 Success
90 (7,6) (59,59) 6878.17 76 62263 Success
91 (0,0) (30,35) 556.107 91 9429 Success
92 (0,0) (53,56) 10132.6 75 89163 Success
93 (0,0) (39,52) 2335.33 65 26985 Success
94 (0,0) (49,34) 1611.11 53 18893 Success
95 (0,0) (35,42) 2250.46 63 30171 Success
96 (0,0) (42,41) 2022.36 49 23337 Success
97 (0,0) (38,44) 2610.65 66 32253 Success
98 (0,0) (54,46) 3436.72 52 32746 Success
99 (0,0) (44,58) 9273.66 105 84242 Fail
100 (0,0) (59,59) 7741.44 99 77074 Success
