1 16
1 17
1 18
2 18
2 19
2 20
2 21
2 22
2 23
2 24
3 24
4 24
5 24
6 24
7 24
8 24
9 24
10 24
11 24
12 24
13 24
14 24
15 24
16 24
16 25
16 26
16 27
16 28
16 29
16 30
16 31
16 32
16 33
16 34
16 35
16 34
17 34
18 34
19 34
19 35
20 35
20 36
21 36
22 36
22 37
22 38
22 39
22 40
23 40
24 40
24 41
24 42
23 42
23 43
23 44
24 44
25 44
26 44
26 45
26 46
27 46
27 47
27 48
26 48
26 49
26 50
26 51
26 52
26 53
26 54
25 54
25 55
25 56
24 56
23 56
22 56
21 56
20 56
19 56
18 56
17 56
16 56
15 56
15 55
14 55
14 54
13 54
12 54
11 54
10 54
10 53
9 53
8 53
7 53
6 53
6 52
5 52
4 52
4 51
4 50
5 50
6 50
