59 59
59 58
58 58
57 58
56 58
55 58
54 58
54 59
53 59
52 59
52 58
51 58
50 58
49 58
48 58
47 58
46 58
45 58
44 58
44 57
43 57
42 57
42 56
43 56
44 56
44 55
44 54
45 54
46 54
47 54
48 54
48 53
48 52
47 52
46 52
45 52
44 52
43 52
42 52
42 53
41 53
41 54
40 54
39 54
38 54
38 55
38 56
39 56
40 56
40 57
40 58
39 58
38 58
37 58
36 58
35 58
34 58
33 58
32 58
31 58
31 59
30 59
29 59
29 58
28 58
27 58
26 58
26 57
26 56
25 56
24 56
23 56
22 56
21 56
20 56
19 56
18 56
17 56
16 56
15 56
14 56
14 55
13 55
12 55
12 54
11 54
10 54
10 53
9 53
8 53
7 53
6 53
6 52
5 52
4 52
4 51
4 50
5 50
