2 4
3 4
2 4
1 4
0 4
0 5
0 6
0 7
0 8
0 9
0 10
0 11
0 12
0 13
0 14
1 14
2 14
2 15
2 16
3 16
4 16
5 16
6 16
6 17
6 18
7 18
8 18
9 18
10 18
11 18
12 18
12 19
12 20
12 21
12 22
12 23
12 24
13 24
14 24
15 24
16 24
16 25
16 26
16 27
16 28
16 29
16 30
16 31
16 32
16 33
16 34
16 35
16 34
17 34
18 34
19 34
19 35
20 35
20 36
21 36
22 36
22 37
22 38
22 39
22 40
23 40
24 40
24 41
24 42
23 42
23 43
23 44
22 44
22 45
22 46
22 47
22 48
22 49
22 50
22 51
22 52
22 53
22 54
22 55
22 56
21 56
20 56
19 56
18 56
18 55
18 54
17 54
16 54
15 54
14 54
13 54
12 54
11 54
10 54
10 53
9 53
8 53
7 53
6 53
6 52
6 51
6 50
