1 (12,18) (54,37) 662.258 63 7608 Success
2 (12,18) (36,50) 619.372 59 7500 Success
3 (12,18) (53,30) 324.161 34 4071 Success
4 (12,18) (31,50) 683.202 60 8706 Success
5 (12,18) (36,32) 108.737 20 1488 Success
6 (12,18) (32,42) 630.341 65 8565 Success
7 (12,18) (57,40) 810.86 41 8757 Success
8 (12,18) (48,51) 2865.36 86 29890 Success
9 (12,18) (45,46) 3412.9 95 37826 Success
10 (12,18) (59,59) 2978.03 64 30807 Success
11 (6,16) (54,37) 987.359 39 10820 Success
12 (6,16) (36,50) 1010.32 59 11438 Success
13 (6,16) (53,30) 505.647 38 6152 Success
14 (6,16) (31,50) 1104.08 54 12920 Success
15 (6,16) (36,32) 185.532 24 2442 Success
16 (6,16) (32,42) 1022.29 54 13098 Success
17 (6,16) (57,40) 1308.5 45 13158 Success
18 (6,16) (48,51) 4210.77 88 39732 Success
19 (6,16) (45,46) 5071.46 95 50316 Success
20 (6,16) (59,59) 4355.38 103 40514 Fail
21 (1,16) (54,37) 1099.06 43 12106 Success
22 (1,16) (36,50) 1255.67 59 14168 Success
23 (1,16) (53,30) 451.791 38 5150 Success
24 (1,16) (31,50) 1451.12 60 16815 Success
25 (1,16) (36,32) 220.432 34 2747 Success
26 (1,16) (32,42) 1197.8 62 15314 Success
27 (1,16) (57,40) 1396.32 47 13899 Success
28 (1,16) (48,51) 4684.01 57 44499 Success
29 (1,16) (45,46) 5755.61 64 57602 Success
30 (1,16) (59,59) 4904.48 102 46047 Fail
31 (2,3) (54,37) 2853.4 49 26448 Success
32 (2,3) (36,50) 2994.02 64 30831 Success
33 (2,3) (53,30) 1570.83 44 15658 Success
34 (2,3) (31,50) 3383.95 72 35752 Success
35 (2,3) (36,32) 671.205 44 7735 Success
36 (2,3) (32,42) 3110.68 65 33575 Success
37 (2,3) (57,40) 3411.9 52 30047 Success
38 (2,3) (48,51) 9287.04 64 77725 Success
39 (2,3) (45,46) 11599.6 70 100106 Success
40 (2,3) (59,59) 9624.83 104 76211 Fail
41 (6,10) (54,37) 1482.06 42 14784 Success
42 (6,10) (36,50) 1383.3 60 14564 Success
43 (6,10) (53,30) 731.079 38 7882 Success
44 (6,10) (31,50) 1552.88 60 16585 Success
45 (6,10) (36,32) 301.194 34 3470 Success
46 (6,10) (32,42) 1432.17 65 16661 Success
47 (6,10) (57,40) 1842.65 47 16715 Success
48 (6,10) (48,51) 5464.41 57 47896 Success
49 (6,10) (45,46) 6638.83 64 61020 Success
50 (6,10) (59,59) 5513.25 99 48102 Success
51 (2,4) (54,37) 2739.26 48 25489 Success
52 (2,4) (36,50) 2848.38 64 29640 Success
53 (2,4) (53,30) 1560.82 43 15098 Success
54 (2,4) (31,50) 3332.12 68 34845 Success
55 (2,4) (36,32) 667.243 44 7510 Success
56 (2,4) (32,42) 2943.19 65 32444 Success
57 (2,4) (57,40) 3337.61 51 29071 Success
58 (2,4) (48,51) 9119.14 63 75713 Success
59 (2,4) (45,46) 11250.5 69 98011 Success
60 (2,4) (59,59) 9321.72 107 74563 Fail
61 (12,9) (54,37) 1274.59 40 12655 Success
62 (12,9) (36,50) 1069.14 59 11146 Success
63 (12,9) (53,30) 623.36 36 6944 Success
64 (12,9) (31,50) 1092.08 55 12291 Success
65 (12,9) (36,32) 246.37 24 2766 Success
66 (12,9) (32,42) 1098.04 41 13207 Success
67 (12,9) (57,40) 1648.61 45 14608 Success
68 (12,9) (48,51) 4599.46 89 41744 Success
69 (12,9) (45,46) 5418.54 97 52498 Success
70 (12,9) (59,59) 4648.16 69 41013 Success
71 (15,12) (54,37) 954.484 38 10308 Success
72 (15,12) (36,50) 808.872 67 9239 Success
73 (15,12) (53,30) 576.432 39 6763 Success
74 (15,12) (31,50) 877.688 68 10142 Success
75 (15,12) (36,32) 177.525 22 2297 Success
76 (15,12) (32,42) 869.68 65 11111 Success
77 (15,12) (57,40) 1249.7 45 12367 Success
78 (15,12) (48,51) 3649.3 56 35629 Success
79 (15,12) (45,46) 4428.19 95 45528 Success
80 (15,12) (59,59) 3894.68 99 36808 Success
81 (11,0) (54,37) 1999.67 43 19302 Success
82 (11,0) (36,50) 1499 67 15535 Success
83 (11,0) (53,30) 1062.2 38 11087 Success
84 (11,0) (31,50) 1650.63 55 17490 Success
85 (11,0) (36,32) 382.01 36 4497 Success
86 (11,0) (32,42) 1669.55 54 19018 Success
87 (11,0) (57,40) 2404.59 49 21466 Success
88 (11,0) (48,51) 6620.37 61 56131 Success
89 (11,0) (45,46) 7954.35 64 71240 Success
90 (11,0) (59,59) 6631.34 104 55715 Fail
91 (0,0) (54,37) 2547.24 48 25334 Success
92 (0,0) (36,50) 2571.17 64 28919 Success
93 (0,0) (53,30) 1374.33 43 14568 Success
94 (0,0) (31,50) 3030.92 68 34093 Success
95 (0,0) (36,32) 567.514 44 7038 Success
96 (0,0) (32,42) 2750.69 65 31802 Success
97 (0,0) (57,40) 3054.82 51 28407 Success
98 (0,0) (48,51) 8677.86 63 75436 Success
99 (0,0) (45,46) 11100.5 69 97173 Success
100 (0,0) (59,59) 8914.28 107 75024 Fail
