1 16
1 17
1 18
2 18
2 19
2 20
2 21
2 22
2 23
2 24
3 24
4 24
5 24
6 24
7 24
8 24
9 24
10 24
11 24
12 24
13 24
14 24
15 24
16 24
16 25
16 26
16 27
16 28
16 29
16 30
16 31
16 32
16 33
16 34
16 35
16 34
16 35
16 34
16 35
16 34
16 35
16 34
16 35
16 34
16 35
16 34
16 35
16 34
16 35
16 34
16 35
16 34
16 35
16 34
16 35
16 34
16 35
16 34
16 35
16 34
16 35
16 34
16 35
16 34
16 35
16 34
16 35
16 34
16 35
16 34
16 35
16 34
16 35
16 34
16 35
16 36
16 37
16 38
15 38
14 38
14 39
14 40
13 40
12 40
12 41
12 42
12 43
12 44
12 45
12 46
13 46
13 47
13 48
12 48
11 48
11 49
11 50
11 51
11 52
10 52
10 53
9 53
8 53
7 53
6 53
6 52
6 51
6 50
6 49
