6 10
7 10
7 11
7 12
7 13
7 14
8 14
8 15
8 16
8 17
8 18
9 18
10 18
11 18
12 18
12 19
12 20
12 21
12 22
12 23
12 24
13 24
14 24
15 24
16 24
16 25
16 26
16 27
16 28
16 29
16 30
16 31
16 32
17 32
18 32
18 31
19 31
19 30
20 30
21 30
22 30
23 30
24 30
23 30
22 30
21 30
20 30
19 30
18 30
18 29
17 29
16 29
15 29
14 29
14 28
14 27
14 26
13 26
12 26
12 27
11 27
12 27
12 28
12 27
11 27
12 27
12 28
12 27
12 26
13 26
12 26
12 27
12 26
12 27
11 27
12 27
12 28
12 27
12 26
12 27
12 28
12 27
11 27
12 27
11 27
12 27
12 28
12 27
12 26
12 27
12 26
12 27
12 28
12 27
12 28
12 27
12 26
13 26
12 26
13 26
12 26
