6 10
7 10
7 11
7 12
7 13
7 14
8 14
8 15
8 16
8 17
8 18
9 18
10 18
11 18
12 18
12 19
12 20
12 21
12 22
12 23
12 24
13 24
14 24
15 24
15 23
16 23
16 22
16 21
17 21
18 21
18 20
19 20
20 20
21 20
22 20
23 20
24 20
25 20
26 20
25 20
24 20
23 20
22 20
21 20
20 20
19 20
18 20
18 19
18 18
18 17
18 16
17 16
16 16
15 16
14 16
13 16
12 16
11 16
10 16
9 16
8 16
7 16
6 16
5 16
4 16
3 16
2 16
1 16
0 16
0 17
1 17
1 18
0 18
0 19
0 20
1 20
2 20
2 19
2 18
3 18
4 18
5 18
6 18
6 17
7 17
8 17
8 18
7 18
7 19
7 18
7 17
8 17
8 16
8 15
8 14
7 14
6 14
7 14
7 13
7 12
6 12
