2 4
3 4
2 4
3 4
2 4
3 4
2 4
3 4
2 4
3 4
2 4
3 4
2 4
3 4
2 4
3 4
2 4
3 4
2 4
3 4
2 4
3 4
2 4
3 4
2 4
3 4
2 4
3 4
2 4
3 4
2 4
3 4
2 4
3 4
2 4
3 4
2 4
3 4
2 4
3 4
2 4
3 4
2 4
3 4
2 4
3 4
2 4
3 4
2 4
3 4
2 4
3 4
2 4
3 4
2 4
3 4
2 4
3 4
2 4
3 4
2 4
3 4
2 4
3 4
2 4
3 4
2 4
3 4
2 4
3 4
2 4
3 4
2 4
3 4
2 4
3 4
2 4
3 4
2 4
3 4
2 4
3 4
2 4
3 4
2 4
3 4
2 4
3 4
2 4
3 4
2 4
3 4
2 4
3 4
2 4
3 4
2 4
3 4
2 4
3 4
2 4
1 4
0 4
0 5
0 6
0 7
0 8
0 9
0 10
0 11
0 12
0 13
0 14
1 14
2 14
2 15
2 16
1 16
1 17
1 18
2 18
2 19
2 20
2 21
2 22
2 23
2 24
1 24
0 24
0 25
0 26
0 27
0 28
0 29
0 30
0 31
0 32
0 33
0 34
0 35
0 36
0 37
0 38
0 39
0 40
0 41
0 42
0 43
0 44
0 45
0 46
0 47
0 48
0 49
0 50
1 50
2 50
2 51
2 52
2 53
2 54
3 54
4 54
4 53
4 52
