1 (12,18) (54,37) 4612.07 101 30320 Fail
2 (12,18) (36,50) 4383.31 47 36290 Success
3 (12,18) (53,30) 4298.53 101 30087 Fail
4 (12,18) (31,50) 3735.01 101 29757 Fail
5 (12,18) (36,32) 968.41 20 6920 Success
6 (12,18) (32,42) 3335.11 62 27389 Success
7 (12,18) (57,40) 5965.58 101 41122 Fail
8 (12,18) (48,51) 13109 101 94259 Fail
9 (12,18) (45,46) 16806.1 101 118877 Fail
10 (12,18) (59,59) 18888 110 158440 Fail
11 (6,16) (54,37) 5853.38 101 40433 Fail
12 (6,16) (36,50) 5573.12 47 44672 Success
13 (6,16) (53,30) 5160.23 101 35835 Fail
14 (6,16) (31,50) 4866.98 101 37683 Fail
15 (6,16) (36,32) 1552.87 24 11413 Success
16 (6,16) (32,42) 4513.96 62 35219 Success
17 (6,16) (57,40) 8108.31 101 55345 Fail
18 (6,16) (48,51) 15786.8 101 107886 Fail
19 (6,16) (45,46) 19442 101 131872 Fail
20 (6,16) (59,59) 21768.4 110 173364 Fail
21 (1,16) (54,37) 6518.62 43 44451 Success
22 (1,16) (36,50) 6786.44 101 53231 Fail
23 (1,16) (53,30) 5407.13 38 36383 Success
24 (1,16) (31,50) 5897.26 60 46293 Success
25 (1,16) (36,32) 2037.58 101 13919 Fail
26 (1,16) (32,42) 5393.17 101 41478 Fail
27 (1,16) (57,40) 8843.34 47 61015 Success
28 (1,16) (48,51) 16968.2 61 116572 Success
29 (1,16) (45,46) 21101.6 69 140832 Success
30 (1,16) (59,59) 23238.9 109 183746 Fail
31 (2,3) (54,37) -1 -1
32 (2,3) (36,50) 25992.7 105 212798 Fail
33 (2,3) (53,30) 16758.8 89 135484 Success
34 (2,3) (31,50) 34681.9 164 294739 Fail
35 (2,3) (36,32) 9599.92 101 90958 Fail
36 (2,3) (32,42) 23419.9 105 198112 Fail
37 (2,3) (57,40) 29911.1 106 237012 Fail
38 (2,3) (48,51) -1 -1
39 (2,3) (45,46) -1 -1
40 (2,3) (59,59) -1 -1
41 (6,10) (54,37) 7479.5 101 51838 Fail
42 (6,10) (36,50) 6927.04 64 53270 Success
43 (6,10) (53,30) 6247.29 101 43225 Fail
44 (6,10) (31,50) 6152.58 101 46160 Fail
45 (6,10) (36,32) 2165.21 34 16494 Success
46 (6,10) (32,42) 5692.78 65 43742 Success
47 (6,10) (57,40) 9853.81 101 68349 Fail
48 (6,10) (48,51) 18084.8 101 121336 Fail
49 (6,10) (45,46) 22039.2 101 145495 Fail
50 (6,10) (59,59) 24276.7 110 188738 Fail
51 (2,4) (54,37) -1 -1
52 (2,4) (36,50) 26058.4 104 212285 Fail
53 (2,4) (53,30) 16927.7 101 135647 Fail
54 (2,4) (31,50) 35111.7 165 296168 Fail
55 (2,4) (36,32) 9641.28 74 90523 Success
56 (2,4) (32,42) 23625 104 197596 Fail
57 (2,4) (57,40) 30266.8 107 237152 Fail
58 (2,4) (48,51) -1 -1
59 (2,4) (45,46) -1 -1
60 (2,4) (59,59) -1 -1
61 (12,9) (54,37) 6181.46 40 44499 Success
62 (12,9) (36,50) 5696.33 101 43943 Fail
63 (12,9) (53,30) 5010.11 36 37318 Success
64 (12,9) (31,50) 4716.92 59 36196 Success
65 (12,9) (36,32) 1852.07 101 12881 Fail
66 (12,9) (32,42) 4537.4 101 35592 Fail
67 (12,9) (57,40) 8259.5 45 59197 Success
68 (12,9) (48,51) 15734.5 61 109447 Success
69 (12,9) (45,46) 19540.7 69 133439 Success
70 (12,9) (59,59) 21910.5 109 175011 Fail
71 (15,12) (54,37) 5326.26 38 38127 Success
72 (15,12) (36,50) 5067.04 101 40006 Fail
73 (15,12) (53,30) 4856.04 39 36226 Success
74 (15,12) (31,50) 4159.9 59 32541 Success
75 (15,12) (36,32) 1524.95 101 10452 Fail
76 (15,12) (32,42) 3964.4 101 31438 Fail
77 (15,12) (57,40) 7223.68 45 51697 Success
78 (15,12) (48,51) 14412 61 101873 Success
79 (15,12) (45,46) 18179.9 69 126032 Success
80 (15,12) (59,59) 20526.7 109 166862 Fail
81 (11,0) (54,37) 8754.59 43 64370 Success
82 (11,0) (36,50) 7741.8 101 56922 Fail
83 (11,0) (53,30) 7021.75 38 51541 Success
84 (11,0) (31,50) 6565.04 55 48441 Success
85 (11,0) (36,32) 2806.52 101 20638 Fail
86 (11,0) (32,42) 6529.08 101 49388 Fail
87 (11,0) (57,40) 11442 49 82252 Success
88 (11,0) (48,51) 19794.2 61 133509 Success
89 (11,0) (45,46) 23843.9 69 157175 Success
90 (11,0) (59,59) 26174 109 201014 Fail
91 (0,0) (54,37) 11709.8 101 84552 Fail
92 (0,0) (36,50) 11203.6 64 88375 Success
93 (0,0) (53,30) 9415.82 101 65808 Fail
94 (0,0) (31,50) 10147.9 101 79993 Fail
95 (0,0) (36,32) 4207.78 44 35282 Success
96 (0,0) (32,42) 9523.57 65 75458 Success
97 (0,0) (57,40) 14896.2 101 106117 Fail
98 (0,0) (48,51) 25266.7 101 168810 Fail
99 (0,0) (45,46) 29652.3 101 193513 Fail
100 (0,0) (59,59) 32492.3 110 243386 Fail
